generation,N_shifts,logPrior,logLik,eventRate,acceptRate
0,0,-2.90827,-216.966,1,0
5000,0,-3.08063,-101.799,0.846766,0.44
10000,0,-3.10642,-100.985,0.384606,0.385561
15000,0,-3.11593,-102.056,0.200525,0.394
20000,0,-2.47491,-102.644,0.0850244,0.375
25000,0,-4.28717,-101.632,1.50657,0.394
30000,0,-2.9093,-103.872,0.13327,0.334
35000,0,-3.17385,-101.291,0.283346,0.4374
40000,0,-3.22902,-100.912,0.667217,0.394
45000,0,-3.45478,-102.402,0.302038,0.420667
50000,0,-2.61669,-100.818,0.263393,0.549
55000,0,-2.46052,-103.171,0.13263,0.461095
60000,0,-4.62815,-103.279,1.7739,0.367
65000,0,-3.26306,-102.265,0.0289325,0.306
70000,0,-3.08028,-100.791,0.700836,0.618
75000,0,-2.28423,-101.076,0.0386536,0.368
80000,0,-3.52702,-102.902,0.0255775,0.357
85000,0,-3.79916,-101.136,1.11703,0.411
90000,0,-2.55365,-100.832,0.139936,0.377
95000,0,-2.39099,-100.54,0.253928,0.436
100000,0,-3.43035,-102.513,0.408453,0.417667
105000,0,-2.71429,-100.129,0.511692,0.419
110000,0,-2.84907,-108.186,0.207409,0.4498
115000,0,-4.94162,-106.291,0.25555,0.4792
120000,0,-2.43395,-103.256,0.0216622,0.428067
125000,1,-7.71612,-104.398,0.460862,0.345
130000,0,-2.67379,-101.098,0.548536,0.455667
135000,0,-2.51677,-100.337,0.0629446,0.351
140000,0,-2.87617,-102.587,0.0710652,0.433333
145000,0,-3.17967,-100.594,0.952903,0.369
150000,0,-3.31737,-102.35,0.982574,0.558
155000,1,-10.5392,-97.0142,0.574918,0.5395
160000,0,-2.60315,-102.367,0.0978894,0.51575
165000,0,-2.73968,-100.299,0.518975,0.413
170000,0,-2.26373,-101.391,0.0735226,0.421
175000,0,-3.33035,-102.911,0.0134722,0.371333
180000,0,-2.56665,-101.538,0.14054,0.3905
185000,0,-2.34553,-102.379,0.08166,0.391
190000,0,-3.21765,-100.468,0.807908,0.4348
195000,0,-2.584,-104.337,0.0667484,0.4185
200000,0,-2.56436,-100.678,0.0909493,0.407333
205000,0,-2.93196,-100.832,0.280264,0.379
210000,0,-4.28183,-102.763,0.810356,0.4326
215000,1,-12.0366,-95.8571,2.82047,0.562
220000,1,-8.38038,-100.048,2.14561,0.392
225000,0,-2.46943,-100.983,0.286236,0.442
230000,0,-3.01605,-104.074,0.234161,0.378
235000,3,-19.8926,-102.393,1.32413,0.46
240000,0,-3.358,-101.818,1.15303,0.361
245000,0,-2.39344,-101.551,0.246794,0.444571
250000,0,-2.44458,-101.405,0.019963,0.468
255000,0,-3.06334,-101.753,0.383601,0.429
260000,0,-3.01487,-100.549,0.631532,0.410273
265000,0,-2.85353,-101.471,0.459861,0.406105
270000,2,-10.6435,-104.029,0.781045,0.503
275000,0,-3.09985,-103.307,0.147837,0.398
280000,0,-3.09263,-100.95,0.850464,0.458
285000,0,-2.98331,-101.637,0.37738,0.402
290000,0,-2.30368,-100.339,0.0488188,0.53275
295000,0,-2.38758,-102.571,0.155002,0.4346
300000,0,-4.11174,-104.646,0.672189,0.346
305000,0,-3.38795,-102.206,0.135876,0.429722
310000,0,-5.0874,-102.505,0.128941,0.387
315000,0,-2.52446,-102.801,0.135951,0.44275
320000,0,-3.20989,-102.597,0.770112,0.406
325000,0,-3.18106,-102.243,0.0079645,0.3535
330000,0,-2.41696,-100.863,0.127448,0.334
335000,0,-3.39361,-102.025,0.755151,0.419
340000,0,-2.54285,-101.313,0.377669,0.47525
345000,0,-3.58698,-103.396,0.240821,0.414742
350000,0,-4.51082,-101.305,1.29235,0.4175
355000,0,-2.98048,-101.416,0.217131,0.396
360000,0,-2.5042,-103.575,0.204453,0.408
365000,1,-9.06858,-101.063,1.90758,0.411
370000,0,-2.68489,-103.483,0.385838,0.437
375000,0,-2.49398,-101.553,0.199081,0.398
380000,0,-3.62737,-102.912,0.150823,0.3945
385000,0,-3.69797,-100.473,1.2168,0.377333
390000,0,-2.43307,-100.59,0.234587,0.435
395000,0,-2.62045,-106.848,0.432535,0.404
400000,0,-2.58793,-103.95,0.34697,0.441
405000,0,-2.97566,-101.522,0.266571,0.37175
410000,0,-2.4054,-100.854,0.201367,0.413769
415000,0,-2.79488,-101.103,0.0919683,0.442833
420000,0,-3.14526,-101.759,0.0659475,0.42875
425000,0,-4.49262,-106.47,1.82643,0.430588
430000,0,-2.43369,-100.437,0.00123206,0.389
435000,0,-4.1021,-102.453,0.943666,0.462
440000,0,-2.35403,-101.49,0.257635,0.408
445000,1,-7.13727,-101.691,0.369604,0.436222
450000,0,-2.9538,-101.461,0.19267,0.38
455000,0,-3.67091,-103.651,0.0292434,0.389333
460000,0,-2.60576,-103.008,0.287971,0.399
465000,0,-2.46018,-101.294,0.229742,0.4078
470000,0,-3.51958,-100.429,1.19996,0.378333
475000,0,-4.34533,-105.056,1.54064,0.563
480000,0,-3.62927,-101.114,0.897666,0.441
485000,0,-2.31427,-100.558,0.118001,0.439
490000,0,-2.43959,-103.424,0.150038,0.3662
495000,1,-5.07787,-101.613,0.500373,0.441
500000,0,-3.77599,-101.879,0.37096,0.422
505000,0,-3.16425,-101.186,0.648806,0.376
510000,1,-5.36594,-101.313,0.298843,0.395333
515000,0,-3.08541,-101.186,0.37519,0.4142
520000,0,-2.76782,-100.851,0.108247,0.373
525000,1,-8.74537,-100.246,2.42172,0.456
530000,0,-2.98959,-100.688,0.523533,0.3804
535000,1,-14.3632,-105.414,0.793631,0.408
540000,0,-2.62291,-100.635,0.131635,0.337
545000,0,-2.67147,-105.821,0.568895,0.526
550000,0,-2.40541,-101.454,0.0476147,0.368917
555000,0,-5.27767,-101.65,0.170883,0.431
560000,1,-6.37503,-103.34,0.318062,0.395
565000,0,-3.4426,-103.315,0.902393,0.377
570000,1,-8.40608,-100.892,1.61502,0.366
575000,0,-2.54771,-104.472,0.269803,0.397
580000,0,-3.43632,-102.941,1.01503,0.365
585000,0,-2.3739,-100.551,0.148071,0.378
590000,0,-2.72092,-100.712,0.583588,0.416
595000,0,-2.82502,-101.104,0.517566,0.43125
600000,1,-5.55699,-102.171,0.830252,0.3975
605000,0,-2.70865,-102.409,0.171128,0.395
610000,0,-3.0201,-101.332,0.717074,0.387571
615000,0,-2.77424,-101.271,0.323844,0.36
620000,0,-2.6203,-100.863,0.474087,0.367
625000,0,-3.04538,-101.368,0.687348,0.398
630000,0,-2.74561,-101.906,0.0477933,0.411
635000,0,-2.67656,-101.016,0.505223,0.392556
640000,0,-3.09405,-101.13,0.594717,0.529
645000,0,-2.74708,-103.123,0.482894,0.413
650000,1,-8.89033,-102.891,1.12573,0.421083
655000,0,-2.92756,-100.773,0.288385,0.397
660000,0,-2.6648,-100.783,0.149702,0.425
665000,0,-2.77299,-102.491,0.142399,0.441
670000,0,-2.49769,-100.9,0.262481,0.4065
675000,2,-8.28146,-101.524,0.887603,0.55
680000,0,-2.63679,-102.33,0.138009,0.469
685000,0,-5.1063,-100.551,2.56321,0.395
690000,0,-3.80387,-103.717,0.0298168,0.403
695000,0,-2.26148,-101.644,0.190633,0.429444
700000,0,-2.76478,-101.236,0.599496,0.461167
705000,0,-3.17549,-101.049,0.870443,0.459562
710000,0,-2.82419,-101.134,0.440864,0.394
715000,1,-7.35088,-102.688,2.5989,0.371
720000,0,-2.95615,-101.426,0.266892,0.368
725000,0,-3.4627,-102.031,0.365958,0.404421
730000,2,-8.89383,-97.9664,1.12592,0.598
735000,0,-2.6387,-100.169,0.299755,0.416
740000,0,-2.85844,-100.985,0.32952,0.466
745000,0,-2.82526,-104.91,0.339082,0.413
750000,0,-3.74146,-101.356,1.34095,0.3255
755000,0,-2.69786,-100.988,0.314405,0.45
760000,0,-3.09386,-103.283,0.931776,0.372
765000,0,-2.29326,-102.014,0.0626999,0.422
770000,2,-15.4263,-102.075,2.36868,0.415
775000,0,-2.50488,-100.398,0.111327,0.41
780000,0,-4.21658,-103.397,1.3365,0.38625
785000,0,-4.16495,-106.733,0.122233,0.345
790000,1,-6.28665,-101.56,0.534276,0.467
795000,0,-2.41767,-100.602,0.300862,0.462
800000,0,-2.27787,-100.827,0.0403343,0.401
805000,0,-3.75355,-101.001,1.40379,0.39
810000,0,-2.40032,-100.328,0.0484098,0.395
815000,0,-3.75932,-102.244,1.41483,0.403
820000,0,-3.6977,-103.214,0.6394,0.3715
825000,0,-2.90614,-101.995,0.420831,0.409
830000,0,-2.58171,-100.516,0.043165,0.461111
835000,0,-3.46174,-102.77,1.00522,0.439
840000,0,-2.74342,-102.043,0.0196041,0.3938
845000,0,-3.09435,-101.509,0.417838,0.4055
850000,0,-2.87057,-102.713,0.801861,0.474
855000,3,-15.4992,-96.7731,1.87392,0.608
860000,0,-2.97485,-102.673,0.179759,0.361
865000,0,-2.49588,-101.997,0.164896,0.44
870000,0,-2.57274,-102.742,0.186798,0.3585
875000,0,-3.86209,-102.775,0.650468,0.435
880000,0,-2.601,-100.195,0.460624,0.418
885000,0,-4.76112,-103.535,1.62594,0.539
890000,0,-2.97558,-100.288,0.798352,0.392
895000,0,-3.44321,-101.068,1.16332,0.41
900000,1,-10.9784,-97.6013,2.83277,0.487
905000,0,-2.56173,-102.169,0.0324999,0.376
910000,0,-3.05399,-100.727,0.517824,0.3792
915000,0,-2.31623,-102.265,0.101438,0.367667
920000,0,-2.20985,-100.63,0.071338,0.457
925000,0,-2.57137,-101.594,0.322556,0.370636
930000,0,-2.89271,-101.575,0.0497039,0.403167
935000,0,-2.42462,-100.794,0.0310152,0.339
940000,0,-2.70173,-102.188,0.401848,0.38075
945000,0,-2.95996,-101.522,0.541575,0.387
950000,0,-2.83502,-102.185,0.393648,0.403
955000,0,-2.81212,-105.109,0.422221,0.412
960000,0,-2.32649,-100.92,0.243525,0.424563
965000,0,-2.54963,-101.087,0.0569829,0.374
970000,1,-6.08654,-103.691,0.566162,0.393
975000,1,-7.0205,-102.773,1.56278,0.403462
980000,0,-3.38107,-100.512,1.13197,0.357167
985000,1,-7.7076,-105.278,0.563934,0.403
990000,0,-2.86864,-100.481,0.318963,0.377333
995000,1,-6.59459,-102.91,0.87067,0.42725
1000000,0,-2.9249,-100.842,0.311134,0.403
1005000,1,-7.20025,-101.226,0.856436,0.421333
1010000,0,-2.347,-100.642,0.0269662,0.429714
1015000,0,-2.64427,-100.238,0.338899,0.429
1020000,0,-2.94913,-100.482,0.49111,0.369
1025000,0,-4.14379,-101.715,1.31553,0.397375
1030000,0,-2.862,-100.954,0.421406,0.368
1035000,1,-8.88315,-98.1933,1.67743,0.41775
1040000,0,-3.0423,-100.402,0.556971,0.412
1045000,0,-3.26873,-102.417,0.135243,0.409923
1050000,0,-2.41881,-103.324,0.0288879,0.366333
1055000,0,-2.77962,-100.58,0.415011,0.296
1060000,0,-2.6586,-101.309,0.581706,0.36
1065000,0,-2.59585,-101.209,0.305783,0.388417
1070000,0,-4.81335,-102.77,2.21601,0.355
1075000,0,-3.09378,-100.731,0.974612,0.387455
1080000,0,-2.48982,-100.871,0.351114,0.424
1085000,0,-2.85825,-102.495,0.191314,0.393143
1090000,0,-4.37866,-101.038,1.65726,0.335
1095000,0,-2.83028,-104.077,0.44227,0.3642
1100000,0,-3.17887,-100.794,0.587146,0.381
1105000,0,-2.40251,-101.394,0.110428,0.391
1110000,0,-2.64787,-101.23,0.376042,0.431
1115000,1,-8.70294,-103.026,2.01079,0.4175
1120000,0,-2.64158,-103.836,0.245175,0.4166
1125000,0,-2.80497,-102.084,0.173871,0.391091
1130000,0,-3.373,-101.519,0.651319,0.411
1135000,0,-2.27822,-102.978,0.0213312,0.427
1140000,0,-2.65534,-100.589,0.418031,0.417429
1145000,0,-3.43123,-103.46,0.211392,0.3205
1150000,0,-2.74435,-100.704,0.267621,0.41275
1155000,0,-2.99496,-103.235,0.196731,0.435
1160000,0,-2.82891,-100.677,0.415154,0.4684
1165000,0,-2.89365,-102.71,0.514391,0.497
1170000,0,-4.17129,-100.933,1.57725,0.4098
1175000,0,-3.1502,-100.486,0.849726,0.377
1180000,1,-6.14465,-101.089,0.649359,0.412
1185000,0,-2.71679,-100.211,0.606683,0.34
1190000,0,-3.04888,-101.041,0.722305,0.400167
1195000,0,-4.26492,-101.287,1.7535,0.343
1200000,0,-2.44332,-102.464,0.134835,0.367
1205000,0,-3.84158,-101.906,0.739189,0.365
1210000,0,-3.32045,-100.686,0.966502,0.387067
1215000,0,-3.25388,-102.005,0.232065,0.406875
1220000,0,-2.35669,-101.368,0.168874,0.4116
1225000,0,-3.60939,-101.163,0.971148,0.42775
1230000,0,-2.40616,-100.835,0.209671,0.431
1235000,0,-2.39571,-100.371,0.221512,0.407182
1240000,0,-2.64654,-100.595,0.251634,0.374
1245000,1,-5.53825,-101.636,0.471653,0.468
1250000,1,-5.69775,-101.6,0.919902,0.421083
1255000,1,-6.02569,-100.122,0.413773,0.4704
1260000,0,-3.53787,-103.114,0.990129,0.410364
1265000,0,-2.80365,-103.707,0.354433,0.355
1270000,1,-5.92759,-101.355,0.944748,0.402455
1275000,0,-3.24892,-101.712,0.251454,0.413
1280000,0,-2.60753,-102.791,0.313894,0.349
1285000,0,-2.43472,-101.313,0.0178734,0.399
1290000,0,-2.16515,-100.805,0.0353481,0.335
1295000,0,-2.92672,-102.695,0.254234,0.402
1300000,0,-3.07285,-101.07,0.672492,0.34
1305000,0,-2.86374,-101.806,0.189286,0.399
1310000,1,-5.74366,-102.115,0.25648,0.416
1315000,1,-7.11238,-102.647,2.63798,0.42625
1320000,1,-5.06289,-101.9,0.400076,0.418435
1325000,0,-2.64497,-100.482,0.378616,0.347
1330000,0,-2.33407,-100.981,0.102503,0.372
1335000,0,-3.84332,-101.699,1.41216,0.407722
1340000,0,-3.39093,-101.094,1.24493,0.409
1345000,0,-3.55471,-104.375,0.39068,0.387
1350000,0,-2.57878,-101.353,0.133584,0.489
1355000,0,-2.26548,-101.287,0.138159,0.405
1360000,0,-3.73264,-100.499,1.60923,0.403
1365000,0,-2.66205,-101.163,0.150547,0.39
1370000,0,-3.32416,-101.859,0.641383,0.346
1375000,0,-3.67332,-101.304,1.33581,0.454
1380000,0,-2.99338,-102.172,0.498241,0.405
1385000,1,-9.31743,-102.707,0.312076,0.387
1390000,0,-3.97027,-103.337,1.18112,0.4365
1395000,0,-3.83032,-101.933,0.834306,0.339
1400000,1,-6.63097,-103.105,2.09656,0.405
1405000,0,-3.04854,-103.277,0.132789,0.4146
1410000,1,-7.22834,-101.78,1.08712,0.4262
1415000,0,-3.15074,-102.052,0.247638,0.384
1420000,0,-3.34342,-101.185,1.12366,0.371
1425000,0,-2.50492,-101.124,0.0378392,0.4295
1430000,0,-2.62727,-101.105,0.22124,0.4
1435000,0,-2.65848,-102.481,0.187743,0.362
1440000,0,-2.71161,-102.028,0.334968,0.37
1445000,0,-2.80453,-104.962,0.0964709,0.364
1450000,0,-2.78191,-100.881,0.114829,0.357
1455000,0,-3.25196,-103.077,0.848486,0.408
1460000,0,-2.71624,-102.096,0.143502,0.422667
1465000,0,-4.86011,-102.54,2.41348,0.4163
1470000,2,-10.3635,-100.937,0.969107,0.466
1475000,0,-2.27261,-101.109,0.0983998,0.446
1480000,1,-6.13235,-97.8766,1.521,0.614
1485000,0,-3.28666,-101.41,0.468697,0.421667
1490000,0,-3.15886,-100.836,0.649808,0.396
1495000,0,-3.22177,-101.503,0.228418,0.3666
1500000,0,-3.37282,-101.083,1.04658,0.394
1505000,0,-3.39923,-101.19,0.101626,0.412692
1510000,0,-2.23122,-100.255,0.123847,0.412
1515000,0,-3.09957,-102.961,0.115202,0.3804
1520000,0,-3.11664,-102.237,0.405787,0.397111
1525000,0,-2.68985,-101.016,0.0930269,0.439
1530000,0,-2.51145,-101.71,0.0935195,0.395
1535000,0,-3.34948,-101.691,0.329948,0.387
1540000,0,-2.55273,-100.903,0.143192,0.396
1545000,0,-2.87491,-101.196,0.71169,0.489
1550000,0,-2.6896,-102.661,0.18694,0.419
1555000,0,-3.03048,-101.944,0.804814,0.388
1560000,0,-2.80044,-101.225,0.185534,0.394
1565000,0,-5.53671,-101.937,3.30728,0.422143
1570000,1,-9.51827,-102.214,1.57205,0.4055
1575000,0,-3.48896,-100.735,1.0732,0.37
1580000,0,-2.93853,-101.241,0.263373,0.397636
1585000,1,-10.434,-94.1861,2.75274,0.4165
1590000,0,-2.31264,-100.294,0.0295976,0.369714
1595000,0,-3.33166,-101.628,0.319689,0.427
1600000,0,-3.32281,-100.632,0.819564,0.4125
1605000,0,-2.68875,-101.079,0.297672,0.369167
1610000,0,-2.6599,-101.875,0.246193,0.357
1615000,0,-3.44765,-100.965,1.12278,0.406889
1620000,0,-3.55724,-100.878,0.937281,0.401
1625000,0,-2.52557,-103.923,0.0724309,0.389
1630000,0,-2.53695,-102.641,0.107924,0.34
1635000,0,-3.14366,-103.44,0.741555,0.37525
1640000,0,-2.42508,-101.45,0.275545,0.396
1645000,0,-2.41692,-103.77,0.10399,0.395
1650000,0,-3.56752,-101.684,0.560061,0.411375
1655000,0,-4.54009,-100.558,2.16712,0.437
1660000,0,-2.44914,-100.369,0.0991828,0.364
1665000,0,-2.44667,-101.795,0.316727,0.40075
1670000,0,-2.28638,-103.794,0.0338888,0.44
1675000,0,-2.57815,-101.383,0.206507,0.378
1680000,0,-3.76655,-103.969,0.360289,0.365
1685000,2,-13.0779,-96.2813,2.12243,0.476
1690000,0,-2.45612,-102.398,0.081479,0.4065
1695000,0,-2.25708,-100.358,0.157925,0.396
1700000,1,-6.36646,-95.0315,0.99063,0.4155
1705000,0,-2.9828,-101.667,0.0838247,0.338
1710000,2,-15.2258,-102.8,0.448223,0.432333
1715000,0,-4.42161,-101.228,1.33989,0.431
1720000,1,-5.01842,-102.709,0.168338,0.526
1725000,0,-3.06761,-101.295,0.891107,0.415
1730000,0,-2.32204,-100.694,0.182313,0.3934
1735000,0,-3.29863,-102.815,0.415741,0.379
1740000,2,-12.6464,-101.735,1.74725,0.3995
1745000,0,-2.45496,-102.199,0.21933,0.3915
1750000,0,-3.93741,-102.164,1.50288,0.433
1755000,0,-4.68351,-101.505,1.81176,0.405067
1760000,0,-2.75146,-100.846,0.116669,0.44025
1765000,1,-5.69018,-101.375,0.611128,0.428476
1770000,0,-2.82329,-102.492,0.641936,0.413
1775000,0,-3.15273,-100.112,0.961244,0.40475
1780000,0,-3.92841,-101.581,1.70002,0.432
1785000,0,-3.19705,-100.604,0.860215,0.42
1790000,0,-2.54392,-101.583,0.157684,0.394
1795000,1,-5.97418,-101.032,0.636355,0.410833
1800000,1,-7.31747,-102.536,0.248649,0.361
1805000,0,-2.47035,-100.496,0.0669297,0.382
1810000,0,-3.54766,-101.05,0.9575,0.377
1815000,0,-2.16404,-100.508,0.0413359,0.379
1820000,0,-2.18519,-100.539,0.0247147,0.423
1825000,0,-3.35926,-103.664,0.785362,0.423
1830000,0,-2.63949,-101.561,0.324544,0.378
1835000,0,-2.6388,-101.809,0.0596695,0.36
1840000,0,-2.8226,-102.709,0.0723176,0.383
1845000,0,-2.74902,-101.193,0.0327618,0.4
1850000,0,-2.3604,-103.168,0.0742352,0.43
1855000,0,-3.22689,-101.553,1.07402,0.423
1860000,0,-2.83298,-100.479,0.42245,0.368
1865000,1,-7.01761,-100.817,2.06464,0.411
1870000,0,-4.31568,-102.154,1.13828,0.33
1875000,0,-5.07171,-102.13,1.93645,0.464
1880000,0,-2.5721,-101.354,0.215843,0.4195
1885000,0,-3.15445,-102.907,0.430938,0.451
1890000,0,-2.99219,-103.436,0.697735,0.4143
1895000,0,-2.56105,-101.739,0.0378641,0.343
1900000,0,-3.18381,-101.219,0.513604,0.481
1905000,0,-2.57487,-101.259,0.392073,0.346
1910000,0,-2.23653,-100.651,0.110629,0.4
1915000,0,-3.74825,-103.604,0.108778,0.39625
1920000,0,-2.54286,-102.511,0.200372,0.358
1925000,0,-2.65161,-101.278,0.340489,0.4025
1930000,0,-3.47257,-102.007,0.64169,0.347
1935000,0,-2.29007,-100.399,0.146308,0.403
1940000,0,-2.57636,-102.399,0.107289,0.445
1945000,1,-5.38148,-101.641,0.120707,0.403444
1950000,0,-2.62251,-100.796,0.326401,0.407682
1955000,1,-8.27916,-103.794,2.14545,0.413
1960000,0,-2.45713,-100.481,0.201564,0.404
1965000,0,-3.70034,-101.728,1.11793,0.405
1970000,0,-2.29416,-100.589,0.0794406,0.452
1975000,0,-4.01847,-100.534,1.56625,0.375
1980000,0,-2.43298,-102.365,0.281964,0.411625
1985000,0,-3.01183,-101.742,0.888496,0.385
1990000,0,-2.44538,-102.42,0.100758,0.452
1995000,1,-6.48771,-103.158,0.86416,0.391722
2000000,1,-5.31546,-94.832,0.213778,0.577
2005000,0,-4.26421,-103.188,0.668208,0.389143
2010000,0,-2.55532,-101.072,0.19695,0.412
2015000,0,-2.5839,-101.786,0.166829,0.485
2020000,0,-3.3391,-100.604,0.85071,0.4234
2025000,0,-2.52272,-101.241,0.344657,0.448
2030000,0,-2.54098,-100.618,0.4009,0.4065
2035000,0,-3.54759,-100.227,1.14628,0.40425
2040000,0,-2.89453,-100.306,0.447839,0.402917
2045000,1,-8.0592,-100.746,2.58047,0.484
2050000,0,-3.13311,-100.923,0.450496,0.347
2055000,0,-2.76241,-101.102,0.660587,0.479
2060000,0,-3.64163,-105.109,0.0259835,0.487
2065000,1,-6.18677,-101.928,0.942407,0.425
2070000,1,-5.71936,-94.996,0.247512,0.582
2075000,1,-8.9379,-102.087,3.26315,0.4538
2080000,0,-3.25018,-102.004,1.05773,0.472
2085000,0,-2.88218,-100.686,0.225091,0.4725
2090000,0,-2.78973,-100.509,0.69514,0.354
2095000,0,-2.98707,-100.413,0.792321,0.436
2100000,0,-3.2855,-102.321,0.588611,0.446
2105000,0,-2.77547,-101.247,0.591967,0.35
2110000,0,-2.90395,-100.329,0.647123,0.414846
2115000,0,-3.21536,-100.602,0.921035,0.3985
2120000,0,-3.06703,-101.142,0.454959,0.4182
2125000,0,-2.53307,-100.864,0.157835,0.41475
2130000,0,-2.33624,-102.015,0.0446246,0.372
2135000,1,-7.27621,-96.4705,1.66548,0.532
2140000,0,-2.44958,-102.141,0.00907174,0.417
2145000,0,-2.3398,-101.678,0.124029,0.449
2150000,0,-4.47079,-105.255,2.05048,0.39
2155000,0,-6.22011,-102.354,2.20941,0.479
2160000,0,-2.28052,-101.411,0.122734,0.459
2165000,0,-2.75961,-101.884,0.350089,0.3965
2170000,0,-3.27991,-100.761,0.624494,0.358
2175000,0,-3.91121,-100.97,1.47307,0.412679
2180000,0,-3.93821,-100.944,0.974617,0.419
2185000,0,-3.37422,-102.89,0.0122015,0.376
2190000,0,-2.4577,-103.73,0.19368,0.447714
2195000,0,-2.66717,-100.804,0.118435,0.311
2200000,0,-2.7923,-101.287,0.0898532,0.3275
2205000,0,-3.57456,-101.59,0.894631,0.405
2210000,0,-3.6517,-101.155,0.954226,0.344
2215000,0,-2.78052,-100.685,0.572681,0.41925
2220000,0,-2.19622,-100.575,0.0470987,0.416579
2225000,1,-8.10561,-102.734,1.6011,0.342
2230000,0,-3.49426,-102.188,0.688946,0.3768
2235000,0,-3.47725,-100.396,1.16027,0.4235
2240000,1,-8.27222,-105.363,1.64801,0.404455
2245000,0,-2.28564,-100.648,0.0936306,0.381
2250000,0,-4.49672,-103.593,0.841606,0.407
2255000,0,-2.7612,-101.048,0.542754,0.436
2260000,0,-2.43322,-100.604,0.12056,0.362
2265000,0,-2.38099,-101.649,0.09127,0.585
2270000,1,-7.38748,-102.019,0.514223,0.398
2275000,0,-2.9746,-100.636,0.72482,0.431231
2280000,0,-3.97646,-100.638,1.35585,0.382
2285000,0,-3.13516,-102.391,1.00383,0.36
2290000,1,-7.18909,-101.675,1.58674,0.484
2295000,0,-2.66387,-100.502,0.329968,0.4338
2300000,0,-2.95208,-100.367,0.621679,0.41075
2305000,0,-3.48372,-102.322,1.0218,0.347
2310000,0,-4.56855,-102.555,1.59658,0.372
2315000,0,-3.29182,-101.751,0.459324,0.428
2320000,0,-2.82713,-101.085,0.305886,0.412
2325000,0,-2.77047,-100.927,0.0679986,0.421
2330000,0,-3.25202,-101.415,0.929203,0.444
2335000,0,-2.77347,-100.844,0.396412,0.395455
2340000,1,-7.64376,-101.221,1.05312,0.457
2345000,0,-3.36666,-106.933,0.4269,0.354
2350000,0,-2.3402,-101.307,0.0243464,0.408
2355000,0,-2.55349,-101.02,0.0611895,0.364625
2360000,0,-2.85416,-100.729,0.389738,0.471
2365000,0,-2.92347,-100.426,0.679357,0.488
2370000,1,-9.69805,-102.295,1.59226,0.344
2375000,0,-2.7022,-100.492,0.426411,0.452667
2380000,0,-4.00799,-102.053,1.14148,0.407
2385000,0,-3.39563,-101.176,0.667365,0.347
2390000,0,-3.20118,-101.145,0.971998,0.506
2395000,0,-3.22554,-103.968,0.155761,0.362
2400000,0,-3.26923,-102.044,0.0815867,0.37
2405000,0,-3.76262,-100.943,1.51557,0.396548
2410000,0,-2.28774,-101.313,0.0165419,0.416
2415000,0,-2.82819,-100.982,0.212981,0.337
2420000,0,-3.5747,-102.357,1.20311,0.331
2425000,0,-2.26067,-100.937,0.0128457,0.354
2430000,0,-4.48175,-101.914,2.21609,0.396214
2435000,0,-2.96992,-100.91,0.314732,0.379
2440000,0,-3.67299,-102.45,0.314137,0.302
2445000,0,-2.68184,-101.003,0.353571,0.456
2450000,0,-3.22898,-101.077,0.430654,0.397
2455000,0,-2.9142,-103.722,0.233825,0.428
2460000,0,-2.62278,-100.968,0.487777,0.41
2465000,0,-3.59448,-102.197,1.38247,0.412
2470000,0,-4.09642,-102.079,1.48513,0.411
2475000,0,-2.57073,-101.44,0.408412,0.401524
2480000,0,-3.73795,-100.132,1.50811,0.374
2485000,0,-2.40164,-101.221,0.161802,0.469333
2490000,0,-2.328,-102.254,0.0170431,0.413
2495000,0,-2.96706,-100.735,0.799424,0.369
2500000,0,-3.47922,-100.626,1.01641,0.4145
2505000,0,-2.943,-101.138,0.751888,0.439
2510000,0,-2.44878,-103.002,0.258828,0.475
2515000,1,-9.15385,-104.985,0.644535,0.417
2520000,0,-2.59245,-101.662,0.361632,0.402
2525000,0,-2.16812,-101.455,0.0612772,0.426
2530000,0,-3.61434,-103.041,0.316071,0.353
2535000,0,-3.0515,-100.662,0.858337,0.426
2540000,0,-3.56238,-102.358,1.30027,0.3724
2545000,0,-2.22211,-101.698,0.052494,0.403
2550000,0,-2.7919,-102.023,0.535663,0.41
2555000,0,-4.21093,-101.378,1.40093,0.384857
2560000,0,-2.24062,-100.431,0.0564175,0.4425
2565000,0,-3.37365,-104.497,0.172271,0.421
2570000,1,-8.90708,-104.157,1.6823,0.384
2575000,0,-3.37631,-102.765,1.01923,0.437
2580000,0,-2.56725,-102.88,0.137388,0.384
2585000,0,-3.06968,-103.509,0.549413,0.3855
2590000,1,-11.0812,-101.117,0.651592,0.427
2595000,0,-2.2358,-100.73,0.0406413,0.421714
2600000,0,-2.62988,-101.301,0.430261,0.418333
2605000,0,-2.50724,-100.811,0.201093,0.469
2610000,0,-2.32941,-100.648,0.21052,0.397
2615000,0,-3.62909,-101.941,0.492739,0.408
2620000,0,-4.06579,-102.231,0.869178,0.321
2625000,0,-2.88146,-101.931,0.62942,0.378
2630000,0,-4.16986,-101.632,1.92467,0.441143
2635000,0,-2.77079,-100.324,0.464009,0.425
2640000,0,-2.7982,-103.486,0.13344,0.4
2645000,0,-2.762,-102.177,0.0284394,0.376
2650000,0,-2.42863,-100.511,0.307166,0.389222
2655000,0,-2.75132,-101.332,0.442665,0.391
2660000,0,-2.94899,-102.453,0.200618,0.396636
2665000,0,-2.35811,-101.61,0.133339,0.411667
2670000,0,-3.36261,-101.939,1.05528,0.421
2675000,1,-6.46188,-102.092,0.74442,0.4018
2680000,0,-3.45692,-102.105,0.234347,0.3876
2685000,0,-2.34106,-102.183,0.158211,0.4862
2690000,0,-2.80178,-102.034,0.170286,0.409
2695000,0,-2.43132,-100.539,0.130108,0.459429
2700000,1,-5.84182,-101.368,0.569115,0.392
2705000,0,-2.48078,-103.78,0.215939,0.449
2710000,0,-2.45074,-101.349,0.201841,0.433
2715000,0,-3.82254,-102.75,1.7549,0.436667
2720000,0,-3.60203,-104.194,1.28363,0.365
2725000,0,-2.4227,-101.135,0.277628,0.4565
2730000,0,-2.74499,-101.015,0.44457,0.557
2735000,0,-3.1656,-101.828,0.434164,0.379
2740000,0,-3.63572,-101.267,1.46646,0.458
2745000,0,-2.50089,-101.435,0.339874,0.3665
2750000,0,-3.43796,-102.503,0.125244,0.364318
2755000,0,-2.39559,-100.526,0.17927,0.35225
2760000,0,-2.97866,-103.065,0.131293,0.491333
2765000,0,-3.0867,-101.255,0.515639,0.376
2770000,0,-2.77409,-102.004,0.00931696,0.406364
2775000,1,-6.02613,-104.01,0.476056,0.387
2780000,0,-4.66082,-100.916,1.97782,0.347
2785000,0,-2.65904,-101.456,0.45103,0.387
2790000,0,-2.61852,-100.77,0.282462,0.379429
2795000,0,-2.98952,-101.674,0.334211,0.443
2800000,0,-4.56068,-102.091,2.2553,0.41
2805000,0,-4.91374,-103.98,1.47976,0.349
2810000,0,-2.55571,-100.725,0.434308,0.398
2815000,0,-2.4461,-102.288,0.0413512,0.4075
2820000,0,-2.47086,-101.488,0.281888,0.483
2825000,0,-2.7746,-104.026,0.209325,0.383
2830000,0,-2.33433,-100.297,0.0640187,0.4108
2835000,0,-2.27189,-100.602,0.162988,0.397556
2840000,0,-3.96137,-101.954,1.37502,0.388545
2845000,0,-2.3105,-101.291,0.0161526,0.3855
2850000,0,-2.43712,-100.879,0.169763,0.463
2855000,0,-4.5963,-101.347,2.41321,0.437
2860000,0,-2.39054,-102.544,0.170819,0.4148
2865000,0,-2.94243,-101.138,0.138728,0.552
2870000,0,-3.25275,-100.56,0.699023,0.358
2875000,1,-6.92721,-101.444,0.333528,0.399
2880000,0,-2.81424,-100.529,0.580837,0.394
2885000,0,-2.31265,-101.009,0.0417336,0.438286
2890000,0,-3.78107,-102.508,0.329755,0.533
2895000,2,-15.4311,-92.6345,2.26287,0.427391
2900000,0,-4.06619,-101.568,1.48448,0.48
2905000,0,-3.03495,-101.959,0.105188,0.408
2910000,0,-4.04394,-102.329,1.3325,0.429
2915000,0,-2.79806,-101.495,0.156756,0.393
2920000,0,-2.71488,-100.692,0.616559,0.412214
2925000,0,-2.58317,-100.256,0.427079,0.392
2930000,0,-2.69052,-101.638,0.0184458,0.404333
2935000,0,-2.76074,-101.255,0.154711,0.364
2940000,0,-2.81268,-102.603,0.343338,0.359
2945000,0,-2.53141,-100.964,0.0518315,0.395
2950000,0,-3.58487,-102.024,0.997316,0.405
2955000,0,-3.11117,-101.703,0.266391,0.368667
2960000,0,-2.19322,-100.058,0.0268575,0.372
2965000,0,-3.64719,-101.065,0.85996,0.385
2970000,1,-6.84002,-101.921,0.153488,0.442
2975000,0,-3.51588,-103.065,0.231244,0.36
2980000,0,-3.65742,-102.592,0.319919,0.38
2985000,0,-3.51961,-101.68,1.03273,0.413333
2990000,0,-3.34309,-101.758,0.774687,0.407333
2995000,1,-6.8581,-98.8959,1.52249,0.459
3000000,0,-4.69844,-101.111,2.55056,0.407
3005000,0,-2.81763,-100.503,0.500488,0.433
3010000,0,-2.35042,-103.791,0.168795,0.425
3015000,0,-3.06315,-101.529,0.072673,0.495
3020000,0,-2.61717,-103.656,0.392123,0.386
3025000,0,-4.13556,-100.558,1.70466,0.3816
3030000,0,-2.35851,-101.16,0.239498,0.386333
3035000,0,-2.90655,-103.555,0.271952,0.457667
3040000,0,-2.29884,-101.878,0.144214,0.462
3045000,0,-2.79236,-102.386,0.112741,0.354
3050000,0,-2.53107,-101.549,0.356591,0.389
3055000,0,-3.74922,-102.44,0.548888,0.425
3060000,0,-2.35092,-101.577,0.084591,0.438944
3065000,1,-10.2694,-102.127,0.735421,0.410571
3070000,0,-2.95437,-101.239,0.103676,0.316
3075000,0,-4.37604,-103.904,1.53653,0.333
3080000,0,-4.71376,-102.475,1.85856,0.359
3085000,0,-2.88767,-102.683,0.258947,0.405
3090000,0,-2.9512,-101.687,0.0500229,0.399
3095000,0,-3.89448,-100.87,1.3471,0.4485
3100000,0,-2.99069,-102.921,0.496356,0.385667
3105000,0,-2.71858,-101.385,0.31673,0.357
3110000,0,-2.54945,-101.406,0.0137465,0.450278
3115000,1,-5.84267,-100.561,0.744854,0.38875
3120000,0,-2.40149,-102.734,0.0329423,0.4675
3125000,0,-3.23646,-101.969,0.986486,0.339
3130000,0,-2.92333,-103.767,0.356589,0.407
3135000,0,-4.93947,-101.915,1.88913,0.391833
3140000,0,-4.87536,-102.73,1.43254,0.465667
3145000,0,-2.54583,-101.425,0.332227,0.4068
3150000,0,-4.13635,-102.77,1.32471,0.435
3155000,0,-2.57393,-101.647,0.277132,0.418
3160000,0,-3.19002,-102.167,0.756067,0.388833
3165000,0,-3.21356,-105.563,0.218893,0.377
3170000,1,-8.29867,-101.201,2.81933,0.426
3175000,0,-3.63609,-101.311,1.4072,0.513
3180000,0,-3.5024,-103.38,1.18738,0.404
3185000,0,-2.25168,-101.334,0.0780417,0.414
3190000,0,-4.29462,-100.361,1.84316,0.3708
3195000,0,-2.75976,-103.002,0.027615,0.389
3200000,0,-4.07532,-104.463,0.553321,0.364
3205000,1,-8.9684,-97.96,1.24594,0.54
3210000,0,-2.12279,-102.61,0.0199634,0.382
3215000,0,-2.88019,-100.871,0.634806,0.343
3220000,0,-3.67871,-101.143,0.893094,0.414
3225000,0,-3.3531,-101.512,0.495747,0.351071
3230000,0,-2.50894,-100.142,0.180406,0.381333
3235000,0,-2.33347,-101.513,0.140528,0.407
3240000,0,-2.45079,-101.617,0.209866,0.439
3245000,1,-8.47208,-97.9706,1.58813,0.447
3250000,0,-2.85933,-101.44,0.240807,0.440778
3255000,0,-5.29212,-102.876,2.11756,0.4165
3260000,1,-5.69618,-99.1845,0.293038,0.495
3265000,0,-3.41591,-102.166,0.720461,0.319
3270000,0,-3.63208,-101.246,1.47964,0.418875
3275000,0,-2.80579,-101.244,0.330565,0.402333
3280000,1,-6.1415,-101.044,0.687761,0.498
3285000,0,-3.641,-104.785,0.554933,0.344
3290000,0,-4.33114,-104.662,0.48787,0.304
3295000,0,-3.11803,-103.893,0.487815,0.399
3300000,0,-2.71536,-100.813,0.239663,0.34
3305000,0,-2.41195,-100.412,0.152555,0.424
3310000,0,-2.82744,-101.474,0.393877,0.4577
3315000,0,-2.66796,-102.255,0.409851,0.3605
3320000,0,-2.80858,-100.625,0.243679,0.442
3325000,0,-3.19848,-101.403,0.553119,0.452333
3330000,0,-4.10267,-102.413,1.11672,0.348
3335000,0,-2.92877,-100.881,0.377232,0.455
3340000,0,-2.20888,-101.332,0.119281,0.3668
3345000,0,-2.95441,-103.354,0.396323,0.386375
3350000,0,-2.4547,-101.515,0.0386165,0.36
3355000,0,-2.40072,-107.193,0.129923,0.366
3360000,0,-2.15275,-101.59,0.00985532,0.414875
3365000,0,-3.38671,-101.73,0.731724,0.539
3370000,1,-8.78869,-105.382,0.599159,0.357
3375000,0,-3.59748,-105.139,0.0401118,0.3838
3380000,0,-3.03866,-101.086,0.215884,0.36025
3385000,0,-2.24313,-102.523,0.0363887,0.389667
3390000,0,-2.3252,-101.195,0.0855815,0.377
3395000,0,-2.40989,-101.355,0.243136,0.473125
3400000,0,-2.87939,-100.861,0.276999,0.382333
3405000,1,-7.34158,-100.946,1.35015,0.382625
3410000,1,-5.07132,-101.536,0.0656852,0.402833
3415000,0,-3.81648,-101.271,1.02307,0.457
3420000,0,-3.06125,-101.108,0.671319,0.373
3425000,0,-2.50521,-101.458,0.0600584,0.440667
3430000,0,-2.50467,-100.681,0.0707933,0.361333
3435000,0,-5.09875,-103.766,2.65911,0.396833
3440000,0,-3.23364,-102.006,0.938475,0.473
3445000,0,-2.58428,-101.441,0.497623,0.335
3450000,0,-2.2203,-101.612,0.0411971,0.462
3455000,0,-2.57164,-100.967,0.0419973,0.46625
3460000,0,-3.42596,-105.822,0.111502,0.372
3465000,1,-6.99829,-103.279,1.32714,0.467
3470000,0,-3.66768,-102.966,0.307783,0.408
3475000,0,-4.19058,-102.291,1.38171,0.3565
3480000,1,-7.68468,-101.867,1.42047,0.398857
3485000,0,-2.74727,-100.782,0.135047,0.47475
3490000,0,-2.20218,-102.406,0.00907225,0.38
3495000,0,-3.90258,-104.087,0.226758,0.371
3500000,0,-2.96805,-102.234,0.658992,0.402333
3505000,1,-9.04442,-103.953,1.4016,0.357
3510000,0,-3.58015,-100.333,1.24326,0.364
3515000,0,-2.72218,-100.422,0.284117,0.427333
3520000,0,-2.97135,-104.772,0.164767,0.4602
3525000,0,-2.95116,-101.819,0.497101,0.423
3530000,0,-5.07629,-103.301,0.57814,0.495
3535000,0,-3.21066,-101.456,0.380723,0.407125
3540000,0,-3.01622,-102.552,0.718443,0.3425
3545000,0,-3.0205,-100.501,0.887776,0.386
3550000,0,-2.95453,-103.743,0.185311,0.324
3555000,0,-3.69772,-102.491,0.529885,0.417667
3560000,0,-2.63751,-100.724,0.321807,0.346
3565000,0,-2.32264,-101.653,0.203058,0.390739
3570000,0,-2.38248,-100.76,0.189947,0.397
3575000,0,-2.43401,-102.524,0.0211931,0.4465
3580000,0,-3.00947,-101.418,0.122209,0.347
3585000,0,-4.07742,-102.709,0.832869,0.386273
3590000,0,-3.56209,-101.475,0.941839,0.36
3595000,0,-2.21662,-103.307,0.0754824,0.401417
3600000,0,-2.59699,-100.974,0.455014,0.445889
3605000,0,-3.14543,-100.623,0.744474,0.39
3610000,0,-3.44346,-102.161,0.51529,0.413333
3615000,0,-3.58126,-101.595,0.867807,0.41375
3620000,0,-4.34213,-102.2,1.72672,0.415
3625000,0,-2.57652,-101.662,0.0127791,0.364
3630000,0,-2.99785,-102.276,0.444364,0.4058
3635000,0,-3.11862,-101.329,0.637774,0.42025
3640000,0,-2.9456,-101.335,0.521059,0.353
3645000,0,-3.12592,-101.321,0.688932,0.549
3650000,0,-3.4318,-104.888,0.138861,0.405
3655000,1,-5.15627,-100.099,0.554664,0.459
3660000,0,-4.00848,-101.659,1.32694,0.413
3665000,0,-2.61726,-100.805,0.279982,0.383
3670000,2,-11.2755,-106.271,1.98896,0.4
3675000,0,-3.20138,-101.21,0.890231,0.419778
3680000,0,-2.81029,-101.363,0.370665,0.405353
3685000,1,-5.53741,-102.233,1.3699,0.464
3690000,0,-2.3136,-100.737,0.126995,0.448143
3695000,0,-2.66239,-101.249,0.387605,0.473
3700000,0,-2.79044,-101.898,0.492516,0.41925
3705000,0,-2.27994,-101.086,0.00358086,0.403
3710000,0,-2.43407,-101.056,0.229315,0.516
3715000,0,-3.00728,-102.187,0.00164346,0.411286
3720000,0,-2.42852,-100.754,0.139514,0.4026
3725000,0,-2.87074,-100.966,0.220377,0.396909
3730000,0,-2.85689,-100.605,0.631272,0.44025
3735000,0,-2.63543,-104.885,0.0836989,0.3955
3740000,0,-2.94418,-104.165,0.102575,0.366
3745000,0,-2.33626,-100.483,0.214152,0.428286
3750000,2,-12.0711,-103.391,1.93309,0.433643
3755000,0,-2.7368,-101.36,0.30678,0.42
3760000,0,-2.78804,-104.753,0.486852,0.39
3765000,1,-7.03119,-101.944,0.477964,0.427
3770000,0,-2.40864,-101.188,0.0489831,0.437765
3775000,0,-3.7802,-100.42,1.30751,0.4365
3780000,0,-3.88613,-101.225,1.49689,0.424
3785000,0,-3.90737,-101.518,0.523745,0.473
3790000,0,-3.00044,-100.39,0.837632,0.408
3795000,0,-3.14738,-102.594,0.305454,0.338
3800000,0,-2.36712,-103.015,0.0526339,0.421679
3805000,0,-3.43064,-102.14,1.00756,0.342
3810000,0,-2.32542,-100.651,0.215222,0.487
3815000,0,-2.69293,-102.631,0.120392,0.4324
3820000,0,-2.8664,-102.546,0.474154,0.4635
3825000,0,-3.03136,-100.442,0.528616,0.378
3830000,0,-2.56928,-100.757,0.0492125,0.37
3835000,0,-2.24654,-100.578,0.0751863,0.34
3840000,0,-2.82316,-100.987,0.0843666,0.349
3845000,0,-2.67982,-101.414,0.510842,0.424
3850000,0,-2.79623,-101.463,0.19661,0.384107
3855000,0,-2.46751,-101.707,0.221522,0.437
3860000,0,-3.38565,-106.396,0.0495045,0.359
3865000,0,-2.66067,-101.998,0.349744,0.43
3870000,0,-2.45231,-101.617,0.154886,0.402
3875000,0,-3.09744,-100.348,0.635275,0.4075
3880000,0,-3.49916,-100.861,0.974461,0.41
3885000,0,-3.37615,-104.914,0.216568,0.4274
3890000,0,-2.52447,-100.34,0.0951948,0.4055
3895000,0,-2.54098,-100.379,0.198361,0.3655
3900000,0,-2.68249,-101.999,0.312579,0.3934
3905000,0,-2.82877,-101.017,0.203396,0.3375
3910000,0,-3.98433,-102.649,1.23902,0.332
3915000,0,-2.13515,-103.412,0.0437785,0.4
3920000,0,-2.70232,-100.474,0.183371,0.389778
3925000,0,-4.23587,-104.729,0.208773,0.3965
3930000,1,-6.89627,-100.052,0.605103,0.3722
3935000,1,-7.02603,-99.8299,2.5245,0.348
3940000,0,-2.32059,-100.461,0.208498,0.533
3945000,0,-3.50875,-103.834,0.351847,0.406562
3950000,0,-2.959,-102.276,0.170806,0.392
3955000,1,-11.923,-100.203,1.9033,0.368
3960000,0,-2.44629,-101.728,0.200201,0.413
3965000,0,-2.59459,-100.366,0.45404,0.414636
3970000,0,-3.44775,-100.322,1.10077,0.378
3975000,1,-5.18971,-100.212,0.523355,0.418187
3980000,0,-3.02111,-101.751,0.00536167,0.423
3985000,0,-3.09894,-100.614,0.680631,0.389857
3990000,0,-3.08741,-101.225,0.507356,0.374
3995000,1,-10.6253,-101.022,2.32484,0.409125
4000000,0,-3.05318,-101.129,0.352781,0.393
4005000,0,-4.30347,-103.154,1.14555,0.455
4010000,1,-6.40161,-101.311,1.30547,0.566
4015000,0,-2.19267,-100.735,0.0901787,0.43025
4020000,1,-4.72433,-100.737,0.157646,0.4095
4025000,1,-8.62319,-102.158,2.12747,0.501
4030000,0,-5.43269,-101.729,2.35327,0.436
4035000,0,-3.3019,-101.473,0.95935,0.387
4040000,0,-2.88961,-101.161,0.741897,0.427
4045000,1,-5.04745,-103.617,0.196674,0.514
4050000,1,-5.25779,-96.5626,0.328956,0.548
4055000,0,-3.26808,-101.649,0.259204,0.428
4060000,0,-2.66378,-100.315,0.248878,0.3725
4065000,0,-3.07061,-103.365,0.207032,0.344
4070000,0,-3.02468,-105.067,0.305537,0.36
4075000,0,-2.26908,-100.272,0.151289,0.460667
4080000,0,-3.09937,-101.897,0.663639,0.4095
4085000,0,-2.49142,-101.646,0.164159,0.342
4090000,0,-2.67106,-100.824,0.200371,0.434083
4095000,3,-15.6408,-94.3538,2.10643,0.493
4100000,0,-2.38879,-101.151,0.187219,0.459286
4105000,0,-4.34172,-102.407,1.444,0.445
4110000,0,-4.01521,-100.776,1.86977,0.461
4115000,0,-3.74756,-103.421,1.31812,0.462
4120000,3,-19.6931,-96.9289,3.72336,0.589
4125000,1,-5.64322,-99.9946,0.309902,0.555
4130000,0,-3.62678,-100.355,1.27157,0.407
4135000,0,-2.9672,-104.276,0.31121,0.474
4140000,0,-2.63349,-100.881,0.429817,0.413
4145000,0,-2.45142,-102.099,0.220539,0.524667
4150000,0,-4.40702,-104.394,1.24754,0.426385
4155000,0,-2.75861,-100.843,0.204013,0.396
4160000,0,-2.27198,-101.276,0.123603,0.388
4165000,0,-2.70422,-101.152,0.331532,0.424
4170000,0,-2.5433,-101.963,0.179556,0.369
4175000,0,-2.9679,-100.945,0.245454,0.407421
4180000,0,-2.66787,-101.412,0.195479,0.513
4185000,0,-3.02888,-101.133,0.480129,0.388067
4190000,0,-3.23532,-103.673,0.826599,0.422615
4195000,0,-2.33388,-101.991,0.010451,0.48525
4200000,0,-3.00259,-101.57,0.734857,0.468
4205000,0,-3.46057,-103.195,0.702801,0.419
4210000,0,-2.82481,-101.343,0.42271,0.380833
4215000,0,-2.61461,-100.519,0.249899,0.418
4220000,0,-2.4961,-102.373,0.224451,0.411
4225000,0,-2.74458,-100.972,0.339626,0.39575
4230000,1,-5.70499,-100.523,0.663341,0.365
4235000,0,-2.33374,-100.58,0.0795981,0.361
4240000,0,-2.94975,-101.988,0.274997,0.3588
4245000,0,-2.26521,-100.411,0.0361085,0.4285
4250000,0,-2.69807,-100.336,0.422373,0.451333
4255000,0,-2.68881,-101.971,0.591797,0.397
4260000,0,-3.02523,-101.201,0.430584,0.408357
4265000,0,-3.38812,-101.437,0.585851,0.374
4270000,0,-2.97646,-100.738,0.347537,0.449
4275000,1,-5.82369,-102.897,0.620268,0.421
4280000,0,-2.81185,-100.99,0.358779,0.416667
4285000,0,-3.96118,-101.293,1.81499,0.366
4290000,0,-3.25241,-102.149,0.908738,0.3904
4295000,0,-2.39105,-102.539,0.0561698,0.39
4300000,0,-4.29408,-101.73,1.51094,0.338
4305000,0,-2.71576,-101.125,0.0756384,0.357
4310000,0,-2.71233,-101.894,0.445477,0.397
4315000,0,-2.51549,-100.381,0.184068,0.3916
4320000,0,-4.50229,-101.76,0.648544,0.395
4325000,0,-2.50036,-100.898,0.346881,0.349
4330000,0,-2.18565,-100.536,0.0136746,0.39
4335000,0,-2.51029,-100.496,0.0577418,0.375
4340000,0,-2.50035,-100.643,0.0782704,0.411
4345000,0,-2.7382,-104.78,0.323478,0.422
4350000,0,-2.84256,-101.09,0.614879,0.576
4355000,2,-13.8575,-101.606,4.09251,0.42
4360000,1,-8.41383,-106.571,0.449275,0.420429
4365000,0,-3.29879,-101.932,0.355682,0.400286
4370000,0,-2.50519,-100.387,0.0437437,0.427
4375000,1,-5.14158,-101.636,0.113236,0.427867
4380000,0,-2.7508,-101.196,0.617653,0.512
4385000,0,-3.26884,-102.211,0.32994,0.406273
4390000,0,-2.66072,-101.302,0.101958,0.395
4395000,1,-5.63704,-101.052,0.371357,0.48
4400000,0,-3.65089,-102.939,0.513435,0.389125
4405000,1,-9.69873,-101.934,1.59869,0.434
4410000,0,-3.08579,-102.114,0.87879,0.3915
4415000,0,-2.95175,-101.179,0.31278,0.372
4420000,0,-2.63235,-103.365,0.0232318,0.414333
4425000,0,-3.49884,-101.097,1.25833,0.507
4430000,0,-3.45254,-101.43,0.85665,0.3755
4435000,0,-2.63621,-101.242,0.223966,0.402
4440000,0,-2.69562,-100.646,0.588694,0.4188
4445000,0,-2.81678,-101.411,0.0691419,0.371
4450000,1,-6.39834,-95.4001,0.306123,0.532
4455000,0,-2.95054,-102.236,0.322934,0.348
4460000,0,-3.02367,-100.676,0.442082,0.391
4465000,0,-3.62371,-102.129,0.523148,0.394765
4470000,0,-2.8383,-101.373,0.346764,0.420667
4475000,0,-3.88819,-101.998,0.706692,0.504
4480000,0,-3.50953,-102.9,0.910739,0.418444
4485000,0,-2.7692,-100.866,0.265519,0.3915
4490000,0,-3.24425,-102.823,0.828335,0.399
4495000,0,-4.21793,-103.174,1.01028,0.4125
4500000,0,-2.91041,-101.367,0.634002,0.558
4505000,0,-2.81276,-100.974,0.124647,0.39
4510000,1,-5.30819,-101.573,0.580018,0.429
4515000,0,-3.29728,-101.555,0.825559,0.375667
4520000,0,-2.80781,-100.844,0.479476,0.427
4525000,0,-3.81095,-101.362,1.02854,0.375
4530000,2,-10.659,-101.743,1.85866,0.4154
4535000,0,-2.84307,-100.859,0.308123,0.424
4540000,0,-4.62401,-102.713,2.18735,0.424143
4545000,0,-2.76695,-101.148,0.334526,0.422
4550000,0,-5.05855,-101.112,0.75777,0.403
4555000,0,-3.77909,-102.072,0.085875,0.475
4560000,0,-3.08717,-101.728,0.298588,0.397
4565000,0,-2.24421,-100.483,0.0630977,0.405
4570000,0,-3.22725,-102.758,0.0804172,0.427
4575000,1,-5.79347,-101.87,0.378014,0.36
4580000,0,-3.14854,-101.591,0.332404,0.38
4585000,0,-2.74478,-103.167,0.341394,0.365667
4590000,0,-2.91074,-101.082,0.613308,0.4396
4595000,0,-2.6394,-101.441,0.098662,0.515
4600000,0,-2.44562,-101.491,0.17542,0.389
4605000,0,-2.39421,-102.298,0.150188,0.435
4610000,0,-3.22283,-103.119,0.606534,0.41175
4615000,0,-3.36065,-105.57,0.159013,0.427
4620000,0,-3.03932,-102.638,0.525892,0.326
4625000,0,-2.86635,-101.754,0.290325,0.36375
4630000,0,-2.75355,-101.077,0.286111,0.479
4635000,0,-3.43301,-101.299,0.782334,0.3615
4640000,0,-3.17025,-101.039,0.510051,0.333
4645000,0,-2.21806,-102.447,0.0162207,0.466
4650000,0,-2.41361,-101.18,0.111176,0.382
4655000,0,-3.21168,-102.853,1.0344,0.421
4660000,1,-6.26765,-98.3537,0.467073,0.362
4665000,0,-2.32602,-101.717,0.0642996,0.406667
4670000,0,-3.06737,-102.689,0.218604,0.406167
4675000,0,-2.41571,-104.263,0.132495,0.4105
4680000,0,-2.77893,-101.587,0.165337,0.428
4685000,0,-3.68121,-100.907,0.622986,0.424
4690000,0,-2.50479,-101.361,0.342488,0.386
4695000,0,-2.57476,-100.157,0.440939,0.411111
4700000,0,-2.48889,-103.514,0.40047,0.412632
4705000,0,-3.63328,-102.349,0.584116,0.422
4710000,0,-2.5254,-100.406,0.35544,0.404
4715000,0,-2.70642,-100.968,0.433525,0.394
4720000,0,-2.49284,-101.261,0.00386101,0.37
4725000,0,-2.44945,-101.556,0.16257,0.504333
4730000,0,-4.05509,-100.424,1.68336,0.4182
4735000,1,-6.35162,-103.698,0.49337,0.418933
4740000,0,-4.02086,-101.452,0.0859159,0.407833
4745000,1,-6.74994,-102.11,1.70737,0.443
4750000,0,-2.75758,-100.911,0.39712,0.349
4755000,0,-2.64519,-100.583,0.242841,0.482
4760000,0,-3.61254,-100.93,0.970367,0.338
4765000,0,-3.97238,-103.035,0.735234,0.329
4770000,0,-2.27843,-100.429,0.167302,0.42475
4775000,0,-2.76352,-101.99,0.0268732,0.411063
4780000,0,-3.52256,-101.297,0.433386,0.4475
4785000,0,-2.25217,-101.499,0.0132357,0.427556
4790000,0,-3.03968,-104.959,0.103811,0.436
4795000,0,-2.51561,-100.824,0.367453,0.387167
4800000,0,-4.30421,-103.131,1.21964,0.40525
4805000,1,-8.43413,-104.5,1.11898,0.429111
4810000,0,-2.78089,-101.306,0.213097,0.394
4815000,0,-2.92445,-101.974,0.144908,0.411
4820000,0,-2.54756,-100.226,0.391214,0.453
4825000,0,-3.35063,-101.29,0.695276,0.45
4830000,0,-3.10553,-100.3,0.840923,0.428154
4835000,0,-2.33913,-102.079,0.111274,0.442
4840000,2,-9.02201,-103.527,0.448969,0.4775
4845000,1,-8.88358,-106.418,0.17336,0.34
4850000,0,-3.48849,-100.65,1.40043,0.427
4855000,0,-3.40382,-102.672,0.593053,0.402
4860000,0,-3.99081,-103.817,1.26248,0.38
4865000,0,-5.15302,-100.778,3.00264,0.439667
4870000,2,-9.97789,-102.116,1.40265,0.621
4875000,0,-2.25058,-101.152,0.0752993,0.435
4880000,0,-2.43321,-100.481,0.21795,0.581
4885000,2,-9.68196,-102.217,0.669933,0.402
4890000,0,-2.886,-101.598,0.343168,0.4164
4895000,0,-3.76528,-100.736,0.585579,0.385875
4900000,0,-3.25267,-100.585,0.876015,0.44
4905000,0,-2.39174,-103.567,0.157206,0.410909
4910000,1,-6.68819,-100.613,1.76657,0.394
4915000,0,-3.19214,-105.138,0.865574,0.426143
4920000,0,-3.24917,-102.282,0.00767558,0.522
4925000,0,-4.06776,-101.579,1.33783,0.3957
4930000,0,-3.16396,-101.293,0.923717,0.341
4935000,0,-2.78364,-100.565,0.340742,0.394
4940000,0,-2.91377,-102.402,0.446075,0.39
4945000,0,-3.63618,-100.467,1.12759,0.465
4950000,1,-7.02955,-104.008,1.51388,0.416
4955000,0,-2.52689,-101.26,0.137891,0.3785
4960000,0,-3.41729,-101.008,0.749589,0.328667
4965000,0,-2.41428,-100.935,0.177452,0.457
4970000,0,-3.20932,-100.863,0.499831,0.47075
4975000,0,-2.96453,-101.598,0.208282,0.35
4980000,0,-2.6805,-103.68,0.562032,0.3698
4985000,0,-4.01655,-102.311,1.11267,0.404
4990000,0,-3.76414,-102.827,0.855603,0.417
4995000,0,-2.45248,-100.252,0.0329903,0.391
5000000,0,-3.18236,-102.703,0.74547,0.4316
5005000,1,-5.18511,-99.5253,0.94721,0.503
5010000,0,-2.84645,-101.336,0.268569,0.429625
5015000,0,-2.82256,-100.886,0.565577,0.417667
5020000,0,-2.34073,-101.294,0.0930272,0.403
5025000,1,-5.70271,-102.741,0.580214,0.453
5030000,0,-2.39462,-102.776,0.0744097,0.383
5035000,0,-3.30122,-102.957,0.429207,0.416
5040000,0,-2.66654,-100.769,0.294901,0.394
5045000,0,-2.38929,-100.492,0.117317,0.377
5050000,0,-3.26012,-102.674,0.573985,0.399375
5055000,0,-2.60708,-101.62,0.0482979,0.397111
5060000,0,-3.49452,-101.162,0.951602,0.395
5065000,1,-11.2222,-95.3576,1.22888,0.532727
5070000,0,-4.08333,-102.317,1.35162,0.44
5075000,0,-3.45445,-101.644,0.80636,0.329
5080000,0,-2.80757,-100.907,0.337175,0.402
5085000,0,-2.91278,-102.207,0.223279,0.416
5090000,0,-2.73608,-100.666,0.370282,0.327
5095000,1,-7.16498,-101.413,1.26244,0.394
5100000,1,-6.71331,-101.344,0.692326,0.516
5105000,0,-3.78122,-100.874,1.17228,0.414125
5110000,2,-16.5062,-104.715,0.525073,0.443
5115000,0,-2.32391,-101.013,0.127778,0.378
5120000,0,-2.32638,-101.291,0.16263,0.44
5125000,0,-2.70442,-101.591,0.182209,0.379
5130000,0,-3.33274,-102.455,0.668986,0.357
5135000,0,-2.55174,-101.24,0.0360591,0.334
5140000,0,-2.40907,-102.575,0.0478022,0.428
5145000,0,-2.90658,-101.382,0.431211,0.389
5150000,0,-2.81258,-104.42,0.326728,0.323
5155000,0,-5.1029,-104.187,1.30297,0.336
5160000,0,-3.24382,-101.359,0.447116,0.351
5165000,1,-7.74207,-101.403,0.756465,0.399778
5170000,0,-3.37532,-102.744,1.17707,0.388778
5175000,0,-3.2841,-101.004,0.937791,0.386
5180000,0,-2.70171,-101.945,0.532697,0.441
5185000,0,-2.63378,-100.215,0.351134,0.397
5190000,0,-3.48405,-102.078,0.344422,0.36
5195000,0,-3.31683,-102.84,0.387498,0.417143
5200000,0,-2.66788,-101.19,0.0983432,0.333
5205000,0,-3.49101,-101.155,0.827292,0.375
5210000,0,-2.70619,-101.493,0.0839773,0.413875
5215000,0,-2.49569,-102.458,0.256271,0.428
5220000,0,-2.19305,-100.437,0.0790368,0.401
5225000,0,-2.39672,-100.867,0.0791329,0.397412
5230000,0,-3.46249,-100.736,1.09536,0.39
5235000,0,-2.63171,-101.388,0.317304,0.389
5240000,0,-3.14552,-101.586,0.713765,0.362286
5245000,0,-4.34421,-101.42,1.53121,0.39425
5250000,0,-2.30472,-101.631,0.119626,0.390545
5255000,0,-4.57753,-101.837,1.98061,0.348
5260000,0,-2.74334,-101.15,0.414174,0.4652
5265000,0,-3.15976,-103.454,0.380418,0.43
5270000,0,-3.29896,-103.529,0.239715,0.359
5275000,1,-7.4785,-105.602,0.479633,0.377
5280000,0,-3.73635,-101.291,0.227141,0.410375
5285000,0,-2.34399,-100.865,0.0918132,0.438
5290000,0,-2.8435,-102.655,0.11297,0.4785
5295000,0,-4.57699,-104.903,0.402979,0.313
5300000,0,-2.40342,-100.599,0.138769,0.3735
5305000,0,-2.40767,-102.931,0.0894447,0.34
5310000,0,-4.44896,-101.558,2.15808,0.435
5315000,0,-3.50297,-102.236,0.462007,0.457
5320000,0,-3.34653,-103.299,0.0496679,0.390909
5325000,0,-2.77503,-105.224,0.293003,0.434
5330000,0,-2.44509,-101.245,0.280844,0.377571
5335000,0,-4.26544,-101.923,0.130568,0.424333
5340000,0,-3.34685,-101.862,0.396097,0.39275
5345000,0,-2.88704,-104.229,0.0619111,0.401833
5350000,0,-2.22971,-101.062,0.0904542,0.416
5355000,1,-6.44024,-104.284,0.606518,0.382
5360000,0,-3.43851,-101.619,1.0909,0.464667
5365000,0,-2.93134,-102.288,0.49699,0.434333
5370000,0,-2.94742,-101.514,0.504446,0.514
5375000,0,-2.40924,-102.097,0.20596,0.4048
5380000,0,-3.66765,-104.953,1.02833,0.415286
5385000,0,-2.62455,-101.697,0.333226,0.363
5390000,0,-2.85956,-103.277,0.0291706,0.411667
5395000,0,-2.30075,-100.875,0.147598,0.442
5400000,1,-5.97796,-102.14,0.708533,0.522333
5405000,0,-3.15753,-100.621,0.731085,0.4095
5410000,0,-2.67522,-101.114,0.347898,0.417
5415000,1,-6.0645,-101.588,0.90299,0.445556
5420000,0,-3.19339,-101.402,0.947779,0.422
5425000,1,-6.91339,-102.944,0.98926,0.3915
5430000,0,-3.03143,-104.213,0.0890365,0.367
5435000,1,-7.11384,-102.004,0.228385,0.473
5440000,0,-3.35384,-101.212,0.75847,0.356
5445000,0,-3.72818,-102.35,1.01126,0.359
5450000,0,-2.67037,-102.179,0.525268,0.425
5455000,1,-6.73868,-103.085,0.512983,0.407333
5460000,0,-3.41056,-102.811,0.6162,0.455
5465000,0,-4.14514,-100.808,1.78114,0.387
5470000,0,-2.74261,-101.377,0.235274,0.3997
5475000,0,-3.41667,-101.713,1.04212,0.336
5480000,0,-2.9552,-101.236,0.26542,0.411
5485000,0,-3.01592,-101.07,0.741533,0.392
5490000,0,-3.02589,-100.87,0.647717,0.406714
5495000,0,-3.37943,-100.156,1.12071,0.435
5500000,0,-2.51304,-100.408,0.270645,0.389
5505000,0,-3.40221,-104.06,0.632622,0.334
5510000,0,-4.09974,-101.056,1.35414,0.363
5515000,0,-3.38751,-103.778,0.392035,0.409
5520000,1,-6.58101,-101.384,0.467134,0.463
5525000,0,-2.18524,-102.195,0.065389,0.4
5530000,0,-2.48576,-101.725,0.324684,0.4345
5535000,0,-2.25187,-100.6,0.0675792,0.4275
5540000,0,-3.12888,-102.754,0.614796,0.444467
5545000,0,-2.86443,-100.738,0.505773,0.439
5550000,0,-2.59783,-100.48,0.219253,0.322
5555000,1,-6.15952,-97.616,0.430464,0.5136
5560000,1,-5.35843,-100.612,0.43196,0.414
5565000,0,-4.1774,-101.446,1.28075,0.356
5570000,0,-3.38372,-102.051,0.263263,0.390143
5575000,0,-4.42143,-101.705,1.55093,0.37
5580000,0,-2.51105,-100.408,0.306105,0.436
5585000,0,-5.3637,-102.868,2.84012,0.481
5590000,0,-3.497,-102.102,0.486681,0.499
5595000,0,-2.7641,-102.774,0.263821,0.382
5600000,0,-2.83166,-100.549,0.517415,0.404
5605000,1,-7.25635,-100.498,1.92429,0.442273
5610000,0,-3.3304,-102.881,0.324166,0.376
5615000,0,-2.96702,-101.472,0.576649,0.449
5620000,0,-2.65291,-101.339,0.0243134,0.368
5625000,0,-3.51828,-102.649,0.108015,0.476
5630000,1,-7.15722,-99.5102,1.62499,0.437
5635000,0,-2.40703,-100.956,0.10153,0.4005
5640000,1,-6.64289,-102.483,1.31432,0.444
5645000,0,-3.07415,-101.134,0.492061,0.33
5650000,1,-9.75358,-102.108,0.621317,0.628
5655000,0,-2.55929,-101.056,0.43844,0.412
5660000,0,-3.22229,-101.711,0.312888,0.37825
5665000,0,-2.92909,-102.672,0.00957923,0.429
5670000,1,-6.68313,-102.854,0.238355,0.423
5675000,0,-2.35158,-101.44,0.070274,0.38875
5680000,0,-2.52789,-100.821,0.0166699,0.419615
5685000,0,-2.55489,-100.839,0.432984,0.451
5690000,0,-4.48036,-101.771,2.24811,0.39675
5695000,0,-2.82226,-102.333,0.267019,0.414
5700000,0,-2.53402,-101.26,0.399113,0.377
5705000,0,-2.47224,-101.444,0.302179,0.337
5710000,0,-4.05343,-100.962,0.689627,0.57
5715000,0,-3.94333,-101.361,1.54334,0.3455
5720000,0,-3.14903,-103.787,0.637806,0.416867
5725000,0,-3.04683,-101.447,0.518443,0.416143
5730000,0,-3.74953,-100.958,1.52952,0.432
5735000,0,-4.1937,-102.839,0.700553,0.4092
5740000,0,-4.2575,-103.451,1.07973,0.424444
5745000,0,-4.20888,-100.58,1.63147,0.431
5750000,0,-2.3009,-100.664,0.213788,0.412
5755000,0,-2.65829,-101.296,0.518246,0.395
5760000,0,-5.03619,-101.286,2.33863,0.4672
5765000,0,-4.16816,-101.026,1.47917,0.461333
5770000,0,-3.0636,-102.295,0.830276,0.4276
5775000,2,-11.4614,-100.959,0.795483,0.531
5780000,0,-2.30478,-101.027,0.0829161,0.397
5785000,0,-2.4464,-100.619,0.0885725,0.382
5790000,1,-11.8888,-102.324,2.32373,0.478167
5795000,1,-6.76027,-98.4177,0.540085,0.461667
5800000,0,-2.66601,-103.269,0.206401,0.455167
5805000,0,-3.46891,-103.116,0.365486,0.413667
5810000,0,-2.35412,-100.779,0.199125,0.433
5815000,1,-8.02725,-100.907,1.41427,0.381
5820000,0,-2.25485,-101.002,0.0297071,0.402769
5825000,0,-3.55382,-102.261,0.62698,0.349
5830000,0,-7.99382,-108.43,0.590217,0.436
5835000,0,-3.35551,-101.903,0.645489,0.362667
5840000,0,-2.9005,-101.781,0.181291,0.402176
5845000,0,-3.5468,-101.571,0.594071,0.408667
5850000,0,-2.72894,-100.338,0.481911,0.4395
5855000,0,-2.76588,-101.086,0.288262,0.404
5860000,0,-2.67428,-101.158,0.472412,0.414333
5865000,0,-3.39894,-104.306,0.595067,0.432667
5870000,0,-2.34742,-100.281,0.129471,0.35
5875000,1,-5.76768,-101.166,0.519872,0.353
5880000,0,-3.071,-101.965,0.85124,0.399062
5885000,0,-2.47866,-100.516,0.0432608,0.382
5890000,2,-11.0214,-97.4491,0.690005,0.4155
5895000,0,-2.76289,-101.359,0.426829,0.42
5900000,0,-2.8563,-104.04,0.575645,0.37725
5905000,0,-2.5455,-102.218,0.327101,0.39
5910000,0,-5.19449,-100.703,2.82415,0.413867
5915000,0,-3.04283,-102.523,0.77035,0.513
5920000,0,-2.1198,-100.54,0.00582301,0.463
5925000,0,-3.07677,-102.229,0.161525,0.392
5930000,0,-2.56068,-100.458,0.164476,0.436
5935000,0,-3.09974,-104.206,0.301661,0.4085
5940000,0,-3.41721,-101.737,0.70292,0.45
5945000,0,-2.9508,-105.937,0.408321,0.428
5950000,0,-2.60867,-101.03,0.184091,0.454
5955000,0,-2.99168,-100.854,0.596797,0.353
5960000,0,-2.9553,-101.046,0.407575,0.411167
5965000,0,-2.50973,-101.113,0.174145,0.37
5970000,0,-3.6042,-100.914,0.29793,0.437
5975000,0,-3.2859,-101.895,0.407268,0.388
5980000,0,-2.47733,-103.798,0.000524949,0.397
5985000,0,-2.70799,-100.938,0.210422,0.3745
5990000,0,-2.46437,-102.119,0.249552,0.45
5995000,0,-2.93233,-101.298,0.417839,0.391364
6000000,0,-2.63685,-101.415,0.0717051,0.475333
6005000,0,-3.54323,-102.202,0.46282,0.328
6010000,0,-2.89631,-102.2,0.00468249,0.376
6015000,0,-2.86178,-101.004,0.713152,0.4135
6020000,0,-3.2964,-100.666,0.841778,0.4
6025000,0,-2.41801,-101.338,0.256867,0.3895
6030000,0,-2.81756,-101.407,0.513208,0.36
6035000,0,-3.43487,-101.296,0.629045,0.38575
6040000,0,-2.34043,-102.924,0.103751,0.492667
6045000,0,-2.85849,-101.255,0.371181,0.414
6050000,1,-6.58695,-99.9657,0.989936,0.476
6055000,0,-2.55199,-101.054,0.361283,0.439571
6060000,2,-13.1964,-101.862,0.704877,0.4315
6065000,0,-4.45874,-106.124,0.038694,0.396
6070000,0,-3.18892,-102.171,0.595167,0.465
6075000,2,-11.4867,-95.6922,1.22784,0.49375
6080000,1,-8.11125,-102.074,2.42744,0.362
6085000,0,-2.74668,-101.37,0.169479,0.445111
6090000,0,-3.09295,-100.322,0.689182,0.31
6095000,1,-9.73097,-100.948,1.1495,0.399571
6100000,0,-2.39482,-100.446,0.0756785,0.411056
6105000,0,-2.83828,-101.185,0.221915,0.410667
6110000,0,-2.8172,-101.665,0.164799,0.420667
6115000,1,-9.47264,-103.513,2.95181,0.383
6120000,3,-15.9285,-103.633,1.49861,0.425
6125000,0,-4.3114,-101.734,0.0850408,0.425
6130000,0,-3.7806,-101.284,1.35162,0.457
6135000,0,-3.4449,-101.117,1.14413,0.41325
6140000,0,-4.45587,-101.543,1.4738,0.416966
6145000,0,-3.66498,-101.565,0.684228,0.364
6150000,0,-4.16718,-102.757,0.778737,0.336
6155000,0,-3.23426,-101.371,0.534949,0.378
6160000,0,-3.01449,-101.239,0.560876,0.441
6165000,0,-2.75839,-100.314,0.355355,0.37
6170000,0,-2.4084,-100.645,0.301373,0.4308
6175000,0,-2.22343,-101.38,0.0663129,0.3926
6180000,0,-2.69506,-101.203,0.461174,0.386
6185000,0,-2.43904,-103.483,0.132092,0.414
6190000,0,-2.34087,-103.672,0.0285542,0.371
6195000,0,-2.40413,-101.036,0.239271,0.3855
6200000,0,-2.82955,-101.454,0.43891,0.483
6205000,0,-2.70813,-101.079,0.483752,0.453
6210000,0,-2.64701,-101.51,0.22691,0.557286
6215000,0,-3.57473,-102.083,0.687924,0.454
6220000,0,-3.31681,-101.315,0.742256,0.444467
6225000,0,-3.21109,-103.524,0.0841062,0.401
6230000,0,-2.57215,-102.247,0.17077,0.423476
6235000,0,-2.3181,-102.142,0.083928,0.424
6240000,0,-2.17815,-101.47,0.0184119,0.416
6245000,1,-7.72787,-102.229,0.906196,0.494
6250000,0,-2.3668,-100.159,0.132167,0.399
6255000,0,-4.0308,-101.252,1.23469,0.338
6260000,0,-3.34138,-100.578,0.957591,0.361
6265000,0,-3.11537,-103.299,0.848668,0.393833
6270000,0,-3.69593,-103.752,0.365709,0.382
6275000,0,-3.22464,-101.78,0.532673,0.399875
6280000,0,-4.28971,-100.669,2.07219,0.363
6285000,0,-2.45673,-100.484,0.00790845,0.382
6290000,0,-2.30877,-100.406,0.194594,0.401
6295000,0,-2.93378,-102.355,0.46312,0.411357
6300000,0,-2.70174,-102.712,0.108584,0.414214
6305000,0,-2.69115,-102.977,0.492624,0.447
6310000,0,-2.3509,-100.964,0.14786,0.416615
6315000,0,-3.35452,-100.704,1.0206,0.3766
6320000,0,-3.13662,-100.7,0.753001,0.395727
6325000,0,-2.10707,-100.469,0.00103472,0.424
6330000,1,-6.53467,-103.163,1.47067,0.41475
6335000,0,-2.77848,-102.526,0.536094,0.394
6340000,0,-3.5214,-101.053,0.730655,0.398333
6345000,0,-2.41169,-101.557,0.153418,0.396
6350000,0,-2.26789,-100.685,0.0139952,0.426889
6355000,0,-2.69334,-100.623,0.57105,0.443
6360000,0,-2.76207,-103.044,0.471906,0.422875
6365000,0,-2.9165,-101.226,0.385733,0.347
6370000,0,-2.44051,-100.312,0.150734,0.417556
6375000,0,-3.51003,-101.481,1.01709,0.4168
6380000,0,-4.41044,-102.268,1.04496,0.4025
6385000,0,-3.83469,-100.515,1.45445,0.403
6390000,0,-2.81037,-100.879,0.453962,0.428125
6395000,1,-5.22882,-101.857,0.0988739,0.446
6400000,0,-3.17824,-100.34,0.813836,0.389111
6405000,0,-3.00587,-102.732,0.0872643,0.323
6410000,0,-3.37796,-101.713,1.1392,0.409571
6415000,0,-2.62752,-100.26,0.424066,0.425143
6420000,0,-3.57807,-101.577,1.37422,0.427
6425000,0,-3.01515,-101.144,0.470526,0.41375
6430000,0,-2.458,-100.616,0.0273732,0.4755
6435000,0,-2.55971,-101.472,0.0806282,0.417
6440000,0,-3.15283,-103.302,0.100416,0.360333
6445000,0,-2.7929,-101.153,0.440811,0.41075
6450000,0,-3.19837,-102.25,0.318666,0.362
6455000,0,-3.58255,-101.24,0.955011,0.377
6460000,0,-2.89798,-101.967,0.29701,0.416
6465000,0,-2.68302,-102.674,0.148586,0.377
6470000,0,-2.39311,-101.025,0.24207,0.3855
6475000,0,-3.43433,-103.042,0.600186,0.411
6480000,0,-3.92053,-100.988,1.80651,0.464
6485000,0,-2.39045,-101.405,0.222194,0.432
6490000,0,-3.35042,-103.695,0.632096,0.369
6495000,0,-2.24252,-101.779,0.0961454,0.423714
6500000,0,-2.63743,-100.298,0.418995,0.4375
6505000,0,-2.93727,-104.152,0.674836,0.391
6510000,0,-4.55283,-101.257,2.19649,0.39875
6515000,0,-6.31425,-106.679,2.75488,0.345
6520000,0,-2.91871,-100.902,0.737353,0.376
6525000,0,-2.58767,-100.894,0.285246,0.397
6530000,0,-3.4265,-100.722,1.23021,0.4115
6535000,0,-2.89379,-100.752,0.434552,0.431222
6540000,0,-2.66647,-102.744,0.0852958,0.367
6545000,1,-6.1484,-100.421,1.21589,0.417063
6550000,2,-12.2087,-103.045,0.750045,0.378333
6555000,0,-2.65912,-100.263,0.252767,0.348
6560000,0,-3.28948,-103.727,0.146788,0.3995
6565000,0,-3.17547,-101.207,0.346329,0.314
6570000,0,-3.99828,-104.026,1.03043,0.437133
6575000,1,-6.40423,-100.46,0.541742,0.4193
6580000,0,-2.53645,-100.525,0.391077,0.416667
6585000,0,-2.8908,-102.046,0.446202,0.3716
6590000,0,-2.70491,-101.298,0.138791,0.432
6595000,0,-2.1802,-100.517,0.0691906,0.354
6600000,0,-3.20073,-101.681,0.251051,0.355
6605000,0,-3.45133,-104.503,0.280277,0.412
6610000,0,-4.31709,-103.087,0.918378,0.425444
6615000,0,-2.97656,-102.865,0.021023,0.381111
6620000,0,-3.32478,-104.815,0.814859,0.423
6625000,0,-2.4191,-100.918,0.224187,0.427
6630000,0,-2.7761,-101.573,0.0721843,0.459
6635000,0,-2.3029,-102.513,0.0862614,0.413308
6640000,0,-2.62568,-100.17,0.381825,0.412
6645000,1,-5.93769,-100.94,0.949309,0.2945
6650000,0,-3.6576,-103.194,0.095451,0.38
6655000,0,-2.97426,-104.37,0.0349003,0.318
6660000,0,-3.78108,-103.812,3.08141e-006,0.417
6665000,0,-3.49645,-103.954,0.203434,0.406
6670000,0,-3.01801,-101.831,0.807609,0.4635
6675000,0,-2.45406,-100.346,0.127625,0.367333
6680000,0,-2.22501,-101.4,0.056149,0.363
6685000,0,-2.24698,-101.95,0.0682057,0.4665
6690000,0,-2.36122,-100.62,0.231679,0.381
6695000,0,-2.73626,-101.053,0.0592053,0.432222
6700000,2,-13.6211,-102.549,1.87362,0.358
6705000,1,-7.79376,-100.404,3.01845,0.477
6710000,0,-2.34808,-106.169,0.00446438,0.392
6715000,0,-2.3933,-100.532,0.0781636,0.393
6720000,0,-2.58433,-100.831,0.0513446,0.366
6725000,0,-3.61595,-100.695,1.42735,0.422
6730000,1,-8.90772,-99.9531,0.353635,0.464
6735000,0,-2.23059,-100.422,0.101548,0.376
6740000,0,-3.81363,-101.12,0.536161,0.433
6745000,0,-4.41424,-100.356,2.11915,0.399
6750000,0,-4.51585,-100.246,2.39969,0.42525
6755000,0,-2.35931,-101.549,0.233634,0.393
6760000,0,-3.15183,-101.18,0.734509,0.349
6765000,0,-2.22891,-101.797,0.120773,0.416
6770000,0,-2.63291,-101.137,0.0308332,0.341
6775000,2,-12.3356,-101.605,2.38042,0.485
6780000,0,-2.77446,-100.27,0.66125,0.377
6785000,0,-2.74331,-100.989,0.172814,0.402125
6790000,2,-11.7486,-101.239,1.85433,0.514
6795000,0,-3.26527,-101.467,0.542248,0.419
6800000,1,-6.68888,-102.686,0.968857,0.3955
6805000,0,-3.80382,-101.28,0.290822,0.395571
6810000,0,-4.43755,-101.058,1.65819,0.379
6815000,1,-11.784,-102.536,3.27217,0.3925
6820000,0,-2.46492,-103.491,0.158648,0.41
6825000,1,-6.59769,-101.424,0.536959,0.388429
6830000,0,-3.57449,-101.213,0.732928,0.421
6835000,0,-2.58386,-101.038,0.0573825,0.372125
6840000,0,-3.24932,-102.388,0.23946,0.357
6845000,0,-4.7478,-103.074,1.31417,0.337
6850000,0,-2.74442,-109.788,0.235466,0.424
6855000,0,-2.70081,-102.503,0.469253,0.487833
6860000,0,-2.84586,-101.143,0.561915,0.553
6865000,0,-3.38473,-101.704,0.454703,0.396
6870000,0,-3.82813,-101.226,0.513966,0.412
6875000,0,-3.18111,-101.724,0.562337,0.488
6880000,0,-3.28758,-102.092,0.996257,0.410917
6885000,0,-2.72741,-103.129,0.393301,0.502
6890000,0,-2.32027,-101.755,0.0165644,0.4292
6895000,0,-2.37806,-100.974,0.236409,0.426556
6900000,0,-3.41849,-101.387,0.747833,0.387167
6905000,0,-2.51362,-101.009,0.122409,0.410625
6910000,0,-3.53903,-102.145,0.617225,0.358
6915000,1,-7.18991,-100.891,1.02373,0.4345
6920000,0,-2.44844,-101.791,0.144066,0.3784
6925000,1,-9.15747,-101.041,0.769875,0.391
6930000,0,-3.22567,-102.997,0.0108844,0.368
6935000,0,-3.3503,-101.245,0.382381,0.387625
6940000,0,-2.38391,-100.43,0.235483,0.551
6945000,0,-2.53665,-101.304,0.0472358,0.384
6950000,0,-2.8138,-101.763,0.552363,0.43
6955000,0,-2.47119,-100.637,0.0142325,0.403
6960000,0,-5.30656,-103.311,1.7798,0.414
6965000,3,-16.2108,-106.726,0.284032,0.415333
6970000,0,-3.23534,-102.178,0.627614,0.381
6975000,0,-4.14384,-103.5,1.94822,0.41
6980000,0,-2.35541,-101.937,0.18231,0.4286
6985000,0,-3.02987,-101.081,0.426168,0.443
6990000,1,-8.2311,-104.884,1.00871,0.3695
6995000,0,-2.35432,-101.184,0.0488359,0.393
7000000,0,-2.83431,-103.083,0.442012,0.4045
7005000,0,-4.26073,-101.51,0.0601993,0.461
7010000,1,-6.38376,-104.893,1.61239,0.410467
7015000,0,-2.78602,-101.623,0.525561,0.389
7020000,0,-2.50037,-101.75,0.279176,0.429
7025000,0,-3.17502,-100.376,0.851477,0.354
7030000,0,-4.16439,-105.314,0.121971,0.351
7035000,1,-10.7452,-103.006,2.70741,0.4018
7040000,0,-2.79034,-102.217,0.136456,0.378
7045000,0,-5.83852,-102.555,2.5083,0.3726
7050000,0,-3.89511,-104.196,1.36168,0.438
7055000,0,-3.02116,-101.196,0.632205,0.364
7060000,0,-3.54818,-102.712,0.141429,0.438882
7065000,0,-2.49126,-103.853,0.419122,0.406
7070000,0,-3.56506,-100.455,1.43659,0.328
7075000,0,-3.93188,-108.849,0.0885761,0.359
7080000,0,-2.50317,-100.747,0.137669,0.398667
7085000,0,-3.12391,-101.637,0.044751,0.401833
7090000,1,-6.87597,-102.201,0.42239,0.407889
7095000,0,-2.95576,-101.339,0.0897856,0.3475
7100000,0,-3.15662,-102.385,0.815684,0.391333
7105000,0,-2.36836,-101.472,0.192011,0.390769
7110000,0,-2.7464,-102.16,0.0417464,0.418
7115000,1,-5.32902,-99.9635,0.777018,0.57
7120000,0,-3.34617,-103.429,0.393971,0.492
7125000,0,-2.52407,-101.438,0.0913651,0.335
7130000,0,-3.52941,-101.224,1.35869,0.445
7135000,0,-2.46516,-102.422,0.404133,0.476
7140000,0,-2.97687,-100.824,0.515736,0.354
7145000,0,-3.82894,-103.716,0.0871608,0.419714
7150000,0,-3.35954,-101.438,0.848177,0.35
7155000,1,-4.99815,-97.6462,0.254265,0.504
7160000,1,-6.54536,-101.223,0.230367,0.416
7165000,0,-2.32376,-100.129,0.0793805,0.431778
7170000,0,-2.62271,-101.345,0.0294501,0.378
7175000,0,-2.21967,-101.113,0.0523751,0.405
7180000,1,-7.05525,-104.669,0.705771,0.375714
7185000,0,-4.20487,-101.657,1.39053,0.4152
7190000,0,-4.90519,-102.94,1.36531,0.46
7195000,0,-3.48738,-102.713,0.959434,0.40525
7200000,0,-2.45031,-102.729,0.0202357,0.348
7205000,0,-3.98984,-102.441,0.678944,0.378667
7210000,0,-2.59245,-105.964,0.212789,0.398
7215000,0,-4.15402,-101.663,1.35186,0.400727
7220000,0,-3.30481,-102.276,0.315892,0.364091
7225000,0,-3.18749,-101.494,1.01367,0.431
7230000,0,-3.38246,-100.395,1.04249,0.358
7235000,0,-2.34693,-101.987,0.127398,0.43175
7240000,1,-6.49302,-100.138,0.907696,0.477
7245000,0,-2.70741,-100.187,0.340185,0.508
7250000,1,-4.91852,-102.095,0.353714,0.371
7255000,0,-2.43766,-101.148,0.317714,0.418
7260000,0,-3.93309,-102.886,0.809708,0.38775
7265000,0,-3.47147,-100.639,0.914184,0.357333
7270000,2,-11.4993,-91.8366,1.35278,0.591
7275000,0,-2.7429,-101.356,0.463848,0.371222
7280000,1,-7.04949,-97.4029,1.70927,0.482
7285000,0,-4.43012,-102.51,1.42814,0.3699
7290000,0,-3.49951,-102.933,0.842181,0.408
7295000,1,-6.91716,-93.7316,0.754074,0.562
7300000,0,-2.39242,-100.469,0.19851,0.3865
7305000,0,-2.59775,-101.101,0.034082,0.345
7310000,0,-3.4919,-100.422,1.20977,0.389
7315000,0,-2.61071,-100.755,0.35777,0.402333
7320000,0,-2.40761,-101.51,0.0305426,0.341
7325000,0,-3.11882,-103.369,0.460266,0.407143
7330000,0,-2.17645,-101.405,0.0314504,0.402571
7335000,0,-2.6775,-101.392,0.523638,0.395167
7340000,0,-2.90232,-103.595,0.361189,0.348
7345000,1,-5.64871,-101.097,1.19376,0.345
7350000,0,-2.57585,-100.822,0.322848,0.4078
7355000,1,-8.37228,-101.283,1.27452,0.441
7360000,0,-2.73808,-101.873,0.54497,0.3835
7365000,0,-2.87264,-102.163,0.663796,0.354
7370000,0,-2.3125,-100.36,0.13017,0.37225
7375000,0,-4.33142,-102.219,1.14502,0.345
7380000,1,-6.70237,-96.5052,1.12878,0.55
7385000,0,-3.65709,-104.875,0.507308,0.371
7390000,0,-2.32929,-100.268,0.160722,0.462
7395000,0,-4.10044,-100.641,1.47094,0.400556
7400000,0,-2.58188,-101.541,0.31043,0.458
7405000,0,-3.22015,-102.164,0.835735,0.406
7410000,0,-3.09526,-103.165,0.959376,0.42
7415000,1,-10.3079,-104.337,4.68824,0.412444
7420000,1,-7.09193,-100.213,2.21585,0.441563
7425000,0,-3.40962,-103.156,0.208092,0.44765
7430000,0,-2.91392,-101.758,0.0453547,0.339
7435000,0,-2.71124,-102.019,0.53002,0.405
7440000,0,-4.94916,-106.75,0.339937,0.318
7445000,0,-2.70074,-101.009,0.355507,0.363
7450000,2,-9.68653,-103.013,0.727223,0.58
7455000,0,-2.7349,-100.344,0.328959,0.369333
7460000,0,-2.80261,-100.752,0.581388,0.4166
7465000,0,-2.97293,-100.93,0.459467,0.405
7470000,0,-3.23885,-101.809,0.214737,0.395909
7475000,0,-2.55238,-100.784,0.11264,0.364714
7480000,1,-12.8365,-94.574,0.386628,0.523
7485000,0,-2.41448,-101.274,0.255732,0.3869
7490000,0,-2.65031,-100.65,0.270455,0.556
7495000,0,-2.58238,-101.07,0.256884,0.4233
7500000,1,-4.68561,-100.265,0.154491,0.377333
7505000,0,-4.24817,-100.562,1.77304,0.448
7510000,1,-5.13458,-97.5378,0.367164,0.387455
7515000,0,-4.07397,-102.722,1.55813,0.372
7520000,0,-2.31934,-100.156,0.101771,0.412444
7525000,0,-3.9286,-104.283,1.13343,0.406
7530000,0,-3.19442,-100.819,0.486067,0.4455
7535000,0,-3.72859,-101.275,0.912042,0.4082
7540000,1,-9.1725,-101.54,1.19801,0.424273
7545000,0,-2.39474,-101.238,0.0177973,0.52
7550000,0,-2.23609,-101.496,0.0938986,0.457
7555000,0,-2.99106,-100.941,0.827448,0.365
7560000,0,-2.50333,-100.677,0.2043,0.3755
7565000,0,-3.94829,-105.955,1.51433,0.386
7570000,0,-3.76877,-100.82,1.49925,0.357
7575000,0,-3.55826,-102.797,0.0254396,0.427
7580000,0,-3.31159,-101.055,0.521158,0.409
7585000,3,-17.1369,-101.717,1.97326,0.526
7590000,0,-2.58882,-101.421,0.0924036,0.418
7595000,0,-3.46211,-102.037,0.653571,0.356
7600000,0,-2.56797,-101.401,0.00441089,0.422938
7605000,0,-2.36708,-101.58,0.153965,0.409857
7610000,0,-3.52739,-101.38,1.25381,0.39
7615000,0,-3.72259,-101.441,1.07922,0.381
7620000,0,-2.75199,-101.376,0.352304,0.4226
7625000,0,-3.67763,-101.522,1.02459,0.397667
7630000,1,-6.7547,-96.3796,1.96169,0.598
7635000,0,-3.02357,-101.801,0.199367,0.3785
7640000,0,-2.98557,-100.849,0.633006,0.404
7645000,0,-3.1437,-101.622,0.202351,0.388
7650000,0,-2.51345,-105.113,0.110601,0.3615
7655000,0,-2.80791,-102.747,0.290086,0.374833
7660000,0,-2.68994,-100.711,0.238544,0.4316
7665000,0,-3.78925,-101.684,1.69364,0.418
7670000,0,-3.20768,-100.192,1.06201,0.396938
7675000,0,-2.40758,-100.976,0.158227,0.384
7680000,0,-3.06069,-100.863,0.790495,0.4205
7685000,0,-2.93882,-100.654,0.587715,0.439
7690000,0,-3.42154,-100.982,1.11927,0.419
7695000,1,-6.49912,-102.892,0.571616,0.443
7700000,0,-3.09709,-101.786,0.28231,0.4
7705000,0,-3.78792,-101.088,0.473518,0.423
7710000,0,-3.21959,-103.091,0.584292,0.3905
7715000,0,-8.03169,-101.737,5.32034,0.374333
7720000,0,-3.57012,-102.988,0.708445,0.477
7725000,1,-6.53147,-103.636,1.66856,0.483
7730000,0,-4.70934,-106.509,0.32887,0.335
7735000,1,-7.96238,-103.988,1.31749,0.42
7740000,0,-5.10191,-103.121,2.27962,0.399
7745000,0,-3.03941,-103.049,0.450741,0.379
7750000,0,-4.03805,-101.194,1.30975,0.397222
7755000,0,-2.84938,-100.875,0.679678,0.377
7760000,0,-3.69771,-103.128,0.133491,0.481
7765000,0,-3.35044,-101.834,1.2668,0.456
7770000,0,-2.27863,-102.167,0.0535841,0.403947
7775000,0,-4.88924,-101.932,2.0578,0.51375
7780000,0,-3.34971,-101.426,0.638571,0.477
7785000,0,-3.65417,-103.742,0.836979,0.347
7790000,1,-9.87149,-101.271,2.73425,0.413667
7795000,1,-7.46613,-100.044,1.15017,0.487667
7800000,1,-8.75739,-100.067,2.14847,0.4
7805000,0,-2.92544,-101.726,0.279357,0.451143
7810000,0,-2.79659,-104.001,0.0491916,0.440143
7815000,0,-3.56001,-101.439,1.13017,0.49
7820000,0,-3.79673,-102.743,0.48962,0.390909
7825000,0,-3.55564,-101.487,1.3539,0.37875
7830000,0,-3.09998,-101.294,0.76223,0.403182
7835000,1,-7.7423,-103.577,0.245119,0.4235
7840000,0,-3.06964,-101.28,0.190802,0.397
7845000,0,-2.43292,-101.537,0.00501638,0.378
7850000,0,-2.64076,-101.232,0.159746,0.352
7855000,0,-3.06156,-100.924,0.807836,0.4145
7860000,0,-2.76447,-100.99,0.31926,0.404333
7865000,0,-3.22783,-102.907,0.40561,0.347
7870000,0,-2.59379,-103.468,0.239074,0.507
7875000,0,-2.95126,-102.758,0.594359,0.421
7880000,0,-3.05492,-100.992,0.402039,0.466
7885000,2,-11.2538,-105.795,0.692394,0.505
7890000,0,-3.5411,-102.137,0.584931,0.351
7895000,0,-2.99137,-101.06,0.670535,0.527
7900000,0,-2.65925,-103.062,0.446958,0.39
7905000,0,-3.3494,-101.583,0.837565,0.437
7910000,0,-2.59028,-100.965,0.156252,0.4212
7915000,0,-3.2769,-101.113,0.730152,0.444
7920000,0,-2.40949,-101.198,0.308164,0.412
7925000,0,-2.59084,-101.016,0.273048,0.416
7930000,0,-2.42623,-100.44,0.156862,0.37
7935000,0,-4.18336,-102.54,0.982797,0.392
7940000,0,-2.73864,-101.48,0.135364,0.36775
7945000,0,-2.44423,-100.619,0.229128,0.413
7950000,0,-3.27974,-101.22,0.676853,0.3
7955000,0,-2.40708,-101.058,0.146897,0.377
7960000,0,-3.4465,-100.952,0.804552,0.37525
7965000,0,-2.672,-101.344,0.17953,0.379
7970000,1,-6.38139,-103.031,0.682224,0.4045
7975000,0,-2.40093,-101.164,0.220166,0.413
7980000,0,-3.56252,-102.676,0.181431,0.400182
7985000,0,-3.53531,-106.533,0.490505,0.3962
7990000,1,-6.11079,-102.171,0.359291,0.365667
7995000,0,-2.45714,-100.916,0.329026,0.3865
8000000,0,-3.18012,-102.373,0.428345,0.404
8005000,1,-8.34797,-103.458,2.01029,0.3895
8010000,0,-3.09421,-100.981,0.860431,0.3915
8015000,0,-3.37363,-101.475,0.513848,0.366
8020000,0,-3.91477,-106.857,0.517368,0.41
8025000,1,-7.37248,-97.8065,0.220005,0.563
8030000,2,-13.5461,-101.827,3.58976,0.587
8035000,0,-2.39186,-102.305,0.12378,0.381
8040000,0,-3.40387,-101.047,1.24959,0.393667
8045000,0,-2.2938,-101.43,0.104021,0.398
8050000,0,-3.37184,-102.613,0.0204842,0.379
8055000,0,-2.62536,-101.184,0.111938,0.427
8060000,0,-2.28305,-100.141,0.0501911,0.473
8065000,0,-4.60917,-100.581,2.37576,0.363
8070000,0,-3.84115,-101.11,1.5295,0.378
8075000,0,-2.92238,-102.551,0.251956,0.377
8080000,1,-6.17667,-96.308,0.314613,0.395
8085000,0,-2.52204,-100.357,0.408067,0.3945
8090000,0,-3.50455,-104.231,1.15982,0.345
8095000,2,-16.4369,-101.76,3.34141,0.433
8100000,0,-2.4918,-102.44,0.295825,0.382
8105000,0,-2.36823,-100.92,0.0233452,0.3868
8110000,0,-3.97225,-103.618,0.802571,0.306
8115000,0,-3.04888,-101.379,0.599673,0.407333
8120000,1,-4.89931,-102.51,0.198794,0.448
8125000,0,-2.83062,-101.864,0.636524,0.388
8130000,0,-2.37966,-104.189,0.0365216,0.397
8135000,0,-2.93179,-100.725,0.740534,0.426
8140000,0,-3.73415,-103.566,0.474771,0.405667
8145000,0,-2.76638,-102.628,0.0253263,0.377833
8150000,0,-3.49306,-100.399,1.12608,0.533
8155000,1,-9.1446,-101.883,0.779644,0.515
8160000,0,-2.47976,-102.478,0.274119,0.383286
8165000,0,-3.10059,-101.756,0.0557417,0.4675
8170000,0,-2.48802,-101.352,0.0599158,0.354
8175000,0,-3.77418,-100.967,1.04115,0.346
8180000,0,-2.75624,-100.647,0.26067,0.438
8185000,0,-5.37518,-106.66,0.686628,0.3345
8190000,0,-3.87693,-102.645,0.767079,0.39475
8195000,0,-5.70353,-102.059,0.0946478,0.462
8200000,0,-3.16513,-101.931,0.615698,0.3488
8205000,0,-2.47771,-101.067,0.193391,0.3825
8210000,0,-3.70725,-101.81,0.942291,0.36
8215000,0,-3.814,-102.248,0.684934,0.37825
8220000,0,-2.41651,-102.213,0.0522442,0.387667
8225000,0,-2.25235,-100.342,0.0371324,0.4375
8230000,2,-12.0654,-100.83,1.21597,0.401
8235000,0,-3.34566,-102.216,0.851476,0.377714
8240000,0,-2.26382,-100.288,0.0131836,0.386857
8245000,0,-4.46596,-101.882,1.68573,0.344333
8250000,0,-2.35249,-102.78,0.165749,0.404
8255000,2,-8.55495,-102.606,1.89256,0.505
8260000,0,-2.28992,-100.772,0.0567057,0.366
8265000,1,-5.60177,-102.781,0.289237,0.42
8270000,2,-11.5933,-103.333,3.03854,0.426667
8275000,0,-2.50266,-100.214,0.338653,0.4105
8280000,0,-2.99086,-106.724,0.533859,0.418
8285000,0,-2.40135,-101.032,0.210694,0.599
8290000,2,-8.9342,-104.072,0.959972,0.436
8295000,0,-2.62318,-100.946,0.12698,0.4145
8300000,0,-3.20247,-101.091,0.746905,0.414
8305000,0,-2.65725,-104.494,0.346756,0.3715
8310000,0,-2.29267,-101.267,0.132061,0.388
8315000,2,-8.89621,-98.5458,0.661961,0.544333
8320000,1,-8.81305,-98.3637,0.72161,0.573
8325000,0,-2.82832,-101.759,0.647735,0.421
8330000,0,-6.10719,-103.288,2.61462,0.393
8335000,0,-2.62288,-100.923,0.226784,0.351
8340000,0,-2.92851,-100.91,0.0711475,0.437667
8345000,0,-2.45082,-100.264,0.281517,0.438
8350000,1,-8.93002,-96.286,1.58993,0.5795
8355000,0,-2.91297,-101.471,0.085901,0.3495
8360000,0,-2.80317,-102.496,0.0991418,0.370333
8365000,0,-2.81222,-101.488,0.0471587,0.335
8370000,0,-3.99578,-104.435,1.32952,0.355
8375000,0,-2.66355,-101.824,0.32631,0.345
8380000,0,-2.25827,-100.27,0.048059,0.339667
8385000,0,-3.82181,-103.538,0.318558,0.349667
8390000,0,-2.31795,-100.63,0.175403,0.4215
8395000,0,-3.45227,-100.323,1.13811,0.397
8400000,0,-3.01924,-100.713,0.860409,0.551
8405000,1,-5.24024,-102.658,0.0985447,0.5045
8410000,0,-2.71381,-103.988,0.378209,0.602
8415000,0,-3.05487,-101.051,0.454179,0.3928
8420000,0,-3.33331,-101.715,0.866306,0.435667
8425000,0,-2.54369,-102.79,0.277615,0.438
8430000,0,-3.22719,-102.032,0.18032,0.4012
8435000,0,-4.38706,-100.622,2.23936,0.361
8440000,0,-3.22474,-102.339,0.174764,0.409714
8445000,0,-2.60367,-101.56,0.165417,0.362
8450000,0,-2.55585,-102.464,0.108093,0.398
8455000,0,-2.9887,-101.096,0.383912,0.428917
8460000,0,-3.98549,-101.688,1.07834,0.416
8465000,0,-2.38147,-100.508,0.266213,0.495
8470000,0,-2.78468,-101.44,0.280011,0.38
8475000,0,-3.0734,-101.558,0.191159,0.387
8480000,0,-5.42081,-102.381,0.424453,0.38
8485000,0,-2.54616,-100.68,0.125893,0.3995
8490000,0,-3.02806,-101.074,0.379315,0.410333
8495000,0,-2.86308,-101.611,0.110544,0.353
8500000,0,-2.14478,-101.435,0.026129,0.3884
8505000,0,-2.75023,-101.442,0.524682,0.38
8510000,0,-3.67876,-101.202,0.805783,0.411771
8515000,0,-2.42209,-100.886,0.27642,0.4475
8520000,0,-2.46693,-102.191,0.299917,0.408667
8525000,0,-2.27942,-101.974,0.0507958,0.471
8530000,2,-9.55029,-102.723,1.55527,0.542
8535000,0,-2.9924,-103.271,0.625794,0.3938
8540000,0,-3.22863,-102.903,0.224895,0.453
8545000,0,-4.40909,-100.75,1.86761,0.355
8550000,0,-4.01372,-103.579,0.264234,0.325
8555000,0,-3.15999,-101.001,0.634101,0.4155
8560000,0,-3.17338,-101.57,0.313396,0.361
8565000,0,-2.34843,-101.499,0.131094,0.380667
8570000,2,-14.674,-103.974,2.86797,0.458333
8575000,0,-3.40001,-101.668,1.04881,0.36225
8580000,0,-3.3669,-103.548,0.138666,0.421
8585000,0,-2.88182,-101.245,0.33916,0.39
8590000,0,-2.69711,-100.644,0.37663,0.391
8595000,0,-2.51679,-101.354,0.206182,0.422
8600000,0,-2.29349,-101.281,0.0555737,0.426375
8605000,0,-3.62172,-102.02,0.439358,0.410778
8610000,0,-3.62422,-103.381,0.680051,0.339
8615000,0,-3.26579,-102.571,0.293264,0.431222
8620000,0,-2.61478,-102.445,0.0810132,0.393
8625000,0,-2.4288,-101.228,0.0482825,0.4205
8630000,0,-2.4633,-100.5,0.0602531,0.39
8635000,0,-3.3801,-102.867,0.795731,0.461
8640000,1,-6.57893,-101.179,0.1985,0.4055
8645000,0,-3.4469,-100.935,1.08244,0.361
8650000,1,-7.44017,-102.766,0.19737,0.402
8655000,0,-2.77186,-103.81,0.00980631,0.361
8660000,0,-2.8808,-102.866,0.0722071,0.393125
8665000,0,-3.42268,-101.737,1.27755,0.366333
8670000,0,-3.5139,-101.338,1.12105,0.521667
8675000,0,-2.88622,-100.118,0.662489,0.45
8680000,0,-2.34978,-102.229,0.0170196,0.4682
8685000,0,-2.92803,-101.335,0.662138,0.453
8690000,0,-2.94152,-101.093,0.309588,0.32
8695000,0,-2.41829,-101.573,0.228135,0.361
8700000,0,-3.02051,-100.628,0.844943,0.396667
8705000,0,-3.52678,-103.254,0.0447027,0.343
8710000,0,-3.18028,-101.792,0.958533,0.477
8715000,0,-2.68027,-100.995,0.466541,0.391
8720000,0,-3.25797,-101.198,0.402158,0.348
8725000,0,-3.7086,-100.234,1.55555,0.42175
8730000,0,-2.34077,-100.766,0.169828,0.4286
8735000,0,-3.06905,-100.736,0.0432162,0.4685
8740000,0,-2.93863,-100.431,0.641478,0.39
8745000,0,-2.69251,-100.858,0.417685,0.374143
8750000,0,-3.02399,-101.347,0.400769,0.319
8755000,0,-2.87889,-102.164,0.240068,0.383
8760000,0,-2.67737,-100.67,0.171854,0.391333
8765000,0,-4.90923,-102.262,2.22918,0.39019
8770000,0,-2.76806,-101.144,0.418631,0.392909
8775000,0,-2.58117,-101.826,0.0920533,0.375
8780000,0,-2.50739,-100.707,0.390319,0.353
8785000,0,-3.58714,-102.259,0.764879,0.397
8790000,0,-3.36138,-101.564,0.361906,0.35
8795000,0,-3.4447,-102.163,0.378161,0.447444
8800000,2,-14.369,-105.163,2.31926,0.4284
8805000,1,-8.34433,-97.2413,1.56395,0.348
8810000,0,-2.4463,-101.961,0.223294,0.415
8815000,0,-2.5694,-100.196,0.295606,0.368
8820000,0,-3.09535,-101.82,0.411823,0.423
8825000,0,-2.70203,-102.112,0.202478,0.420455
8830000,0,-3.29587,-103.313,0.363847,0.3896
8835000,0,-2.98686,-102.076,0.114281,0.47
8840000,0,-3.00995,-101.185,0.670435,0.418333
8845000,0,-2.60347,-102.851,0.184757,0.395
8850000,0,-3.08268,-101.225,0.69195,0.351
8855000,0,-3.53094,-102.425,1.29895,0.387
8860000,0,-3.92138,-101.986,0.738664,0.355
8865000,0,-3.05922,-102.464,0.661801,0.44175
8870000,0,-2.69942,-101.313,0.374748,0.365
8875000,0,-2.84386,-102.29,0.00217221,0.292
8880000,0,-3.24637,-101.607,0.616291,0.454667
8885000,0,-3.61075,-101.968,1.49582,0.4058
8890000,1,-6.17561,-103.873,0.163642,0.416833
8895000,1,-10.0931,-102.048,1.4956,0.39
8900000,0,-2.35381,-100.038,0.190422,0.373
8905000,0,-3.48082,-104.247,0.508155,0.36
8910000,0,-2.33641,-100.257,0.119716,0.378
8915000,0,-3.12911,-103.225,0.228798,0.3645
8920000,0,-2.89943,-101.015,0.431283,0.3445
8925000,0,-3.0226,-100.575,0.433488,0.414
8930000,0,-2.9617,-101.632,0.115557,0.379424
8935000,0,-2.97009,-101.093,0.263479,0.376
8940000,1,-5.24908,-100.848,0.804633,0.418
8945000,0,-2.52944,-100.712,0.0941487,0.357
8950000,0,-2.70074,-102.977,0.423651,0.385625
8955000,0,-2.47448,-101.428,0.307257,0.547
8960000,0,-2.84475,-103.489,0.0717667,0.432
8965000,0,-3.48547,-102.652,1.13898,0.422143
8970000,0,-2.50936,-101.262,0.00195011,0.337
8975000,0,-2.59237,-101.453,0.296684,0.38
8980000,0,-2.97473,-101.854,0.253745,0.4255
8985000,0,-3.12849,-102.24,0.276321,0.423789
8990000,0,-2.76634,-100.96,0.540347,0.528
8995000,0,-2.41022,-100.875,0.228966,0.448333
9000000,0,-2.69529,-102.803,0.483473,0.419026
9005000,0,-4.26744,-101.12,1.79472,0.378
9010000,0,-2.99963,-103.968,0.283788,0.492
9015000,0,-2.65787,-102.812,0.0679552,0.399
9020000,0,-2.78257,-101.209,0.562131,0.387
9025000,0,-3.61438,-102.027,0.487951,0.295
9030000,0,-3.41875,-101.614,1.19695,0.437
9035000,0,-2.93903,-102.656,0.469604,0.291
9040000,0,-2.85286,-102.014,0.03032,0.397133
9045000,0,-3.36214,-101.103,0.543584,0.438583
9050000,0,-2.8133,-101.571,0.448549,0.371
9055000,0,-2.60094,-101.009,0.0100292,0.383
9060000,1,-6.16089,-100.106,0.0551683,0.41275
9065000,0,-2.90639,-100.811,0.728336,0.3605
9070000,0,-3.49636,-102.631,0.365602,0.373333
9075000,0,-2.49491,-101.655,0.21545,0.469333
9080000,0,-2.2832,-100.239,0.0659319,0.3495
9085000,0,-2.50619,-100.196,0.293604,0.51
9090000,0,-2.69338,-101.321,0.14159,0.425444
9095000,0,-2.17665,-101.357,0.0276997,0.4165
9100000,0,-3.15917,-102.602,0.584687,0.355
9105000,0,-3.28417,-102.27,0.199109,0.4425
9110000,0,-2.65537,-100.784,0.473627,0.410792
9115000,1,-5.60031,-100.389,0.432341,0.465625
9120000,0,-3.509,-101.598,0.677224,0.401
9125000,0,-2.66191,-101.126,0.396592,0.382
9130000,0,-3.13116,-101.373,0.575526,0.464222
9135000,0,-3.84189,-102.224,1.23379,0.353
9140000,0,-2.64164,-101.833,0.0176935,0.416667
9145000,0,-3.17151,-102.832,0.200122,0.293
9150000,0,-2.7454,-100.604,0.252683,0.399818
9155000,0,-2.46627,-101.112,0.328421,0.404
9160000,0,-2.63267,-103.725,0.173781,0.368
9165000,0,-3.07655,-101.332,0.63821,0.375
9170000,0,-3.26012,-101.142,0.642982,0.358
9175000,1,-8.84915,-102.947,2.87532,0.393692
9180000,0,-2.971,-101.772,0.0346485,0.391
9185000,0,-3.16333,-102.329,0.0976509,0.397286
9190000,0,-3.48028,-101.453,1.00356,0.395
9195000,0,-2.23749,-100.58,0.0774091,0.401857
9200000,0,-3.41549,-103.74,0.928496,0.400833
9205000,0,-5.36233,-103.407,1.82869,0.348
9210000,0,-3.90511,-101.866,1.68288,0.430333
9215000,0,-2.20949,-101.629,0.0293287,0.48
9220000,0,-2.34594,-100.975,0.0780647,0.392
9225000,0,-2.80655,-101.61,0.603307,0.37
9230000,1,-8.64102,-106.695,1.30593,0.452
9235000,0,-4.89484,-103.339,2.08023,0.401
9240000,0,-3.27923,-100.603,0.742242,0.402839
9245000,2,-14.6712,-104.489,3.35429,0.441
9250000,0,-3.60103,-106.56,0.789033,0.426429
9255000,0,-2.90149,-100.505,0.39166,0.421833
9260000,0,-4.9792,-100.602,2.37279,0.403
9265000,1,-5.80747,-100.482,0.280178,0.422
9270000,0,-2.94742,-106.452,0.546707,0.379
9275000,0,-2.28127,-100.833,0.0105509,0.404
9280000,0,-3.18973,-100.797,0.0878791,0.3948
9285000,0,-2.72445,-100.825,0.564117,0.358
9290000,1,-6.007,-102.174,0.430256,0.485
9295000,0,-2.72201,-102.112,0.0804714,0.449
9300000,0,-4.48843,-101.901,2.07187,0.423
9305000,0,-2.99652,-100.63,0.875546,0.358
9310000,0,-3.5093,-101.964,0.417556,0.433
9315000,2,-10.4703,-101.056,1.37581,0.387214
9320000,0,-2.54823,-100.473,0.179033,0.459
9325000,0,-3.76266,-103.74,0.140941,0.458429
9330000,0,-3.44355,-101.503,0.994741,0.401
9335000,0,-3.82629,-101.83,0.756553,0.401
9340000,0,-4.27435,-100.767,1.99575,0.411286
9345000,0,-2.7111,-103.128,0.184874,0.4055
9350000,0,-2.63698,-101.692,0.447871,0.408875
9355000,0,-3.31877,-105.45,0.0108309,0.47
9360000,1,-6.77323,-103.077,0.717254,0.4418
9365000,0,-3.56805,-101.384,1.18088,0.382
9370000,0,-2.62155,-100.588,0.435682,0.423
9375000,0,-2.11941,-101.852,0.00245489,0.361667
9380000,0,-2.81058,-101.089,0.528281,0.398
9385000,0,-2.24655,-101.654,0.0372628,0.419364
9390000,0,-2.26465,-100.436,0.0644933,0.3685
9395000,0,-2.55028,-100.871,0.066833,0.326
9400000,0,-3.02361,-101.202,0.718812,0.393
9405000,0,-3.74905,-100.921,1.03604,0.379
9410000,0,-2.66037,-100.176,0.464454,0.39675
9415000,0,-3.4695,-100.695,1.29379,0.412
9420000,0,-2.83052,-103.095,0.279353,0.397
9425000,0,-3.31984,-103.524,1.03176,0.43
9430000,0,-2.49887,-100.731,0.384071,0.401
9435000,0,-2.8482,-100.529,0.340096,0.396
9440000,1,-8.79663,-96.1983,0.129778,0.435857
9445000,0,-3.08356,-102.168,0.108239,0.45
9450000,0,-2.26909,-104.348,0.036358,0.474
9455000,1,-6.47729,-96.9801,0.646167,0.484
9460000,0,-2.22095,-100.897,0.00471082,0.367714
9465000,0,-2.98862,-101.375,0.540755,0.365
9470000,0,-3.68755,-103.768,1.21172,0.47
9475000,0,-2.83059,-101.035,0.228269,0.369
9480000,0,-2.22516,-100.619,0.0259908,0.47525
9485000,1,-5.87938,-102.298,0.361685,0.41975
9490000,0,-3.00584,-103.006,0.358109,0.397
9495000,0,-4.22678,-102.284,2.01198,0.454222
9500000,0,-2.51416,-100.186,0.177433,0.384
9505000,1,-6.64055,-102.836,0.901402,0.371
9510000,0,-3.14608,-100.162,0.86699,0.392
9515000,0,-2.67175,-102.636,0.165629,0.38025
9520000,0,-4.84209,-101.574,0.664919,0.374
9525000,1,-7.07791,-102.718,1.43521,0.410043
9530000,0,-2.94412,-100.773,0.633565,0.349
9535000,0,-3.10967,-100.979,0.698139,0.359
9540000,0,-2.36941,-101.054,0.026786,0.396
9545000,1,-6.88015,-101.196,0.438927,0.441
9550000,0,-2.89857,-102.344,0.00104404,0.37
9555000,0,-2.32258,-102.663,0.18905,0.41075
9560000,0,-2.42791,-101.081,0.297782,0.381
9565000,1,-7.40824,-100.607,1.17042,0.403143
9570000,0,-3.17499,-102.128,0.08415,0.418
9575000,0,-3.0325,-101.484,0.2703,0.471
9580000,1,-5.32082,-103.943,0.398216,0.421
9585000,0,-2.56665,-101.309,0.363324,0.483
9590000,0,-3.05621,-101.708,0.385053,0.385583
9595000,0,-3.61895,-101.472,1.41642,0.397
9600000,0,-3.34387,-101.096,0.720263,0.3594
9605000,0,-3.02431,-102.435,0.0497229,0.344
9610000,0,-2.67583,-104.607,0.314022,0.368
9615000,0,-2.30505,-101.902,0.113563,0.407375
9620000,0,-4.93892,-100.993,0.721071,0.581
9625000,0,-2.80643,-102.538,0.19979,0.435
9630000,0,-3.01455,-102.545,0.257525,0.389905
9635000,0,-3.58214,-104.301,0.786941,0.434
9640000,1,-8.02681,-101.691,1.90984,0.384
9645000,0,-2.63271,-103.161,0.391002,0.4012
9650000,0,-3.5514,-102.626,0.147353,0.4
9655000,0,-2.65375,-103.208,0.0846019,0.359571
9660000,0,-2.40151,-101.833,0.202581,0.515
9665000,0,-3.64864,-102.734,0.248928,0.37775
9670000,0,-3.29382,-103.895,0.0460025,0.356
9675000,1,-8.80843,-98.8153,0.484132,0.566
9680000,0,-2.38543,-104.018,0.00983699,0.361
9685000,0,-3.29323,-103.41,0.518483,0.361
9690000,0,-2.88038,-100.93,0.131916,0.409889
9695000,0,-3.12529,-100.507,0.827332,0.419
9700000,0,-2.29377,-100.481,0.0511975,0.392167
9705000,0,-2.27175,-102.315,0.071232,0.4368
9710000,0,-3.01877,-101.504,0.766202,0.42
9715000,0,-2.86699,-102.064,0.138991,0.463
9720000,1,-13.5524,-105.009,1.6213,0.446
9725000,0,-2.41528,-101.234,0.224375,0.437714
9730000,1,-7.00568,-101.42,1.07751,0.453429
9735000,0,-3.73124,-101.49,0.900153,0.337
9740000,0,-2.98551,-102.576,0.767198,0.406
9745000,0,-2.5542,-101.122,0.257607,0.3735
9750000,0,-2.33129,-102.082,0.0917634,0.36625
9755000,0,-2.97088,-100.793,0.476368,0.354
9760000,0,-3.34588,-101.831,0.86591,0.37
9765000,1,-9.04785,-103.041,0.935881,0.390733
9770000,1,-11.3741,-95.2306,0.274948,0.429889
9775000,0,-2.50269,-100.645,0.0987216,0.408778
9780000,0,-3.3955,-100.693,1.07022,0.406727
9785000,0,-2.40872,-100.419,9.17057e-007,0.4
9790000,0,-3.13641,-101.998,0.489088,0.36
9795000,0,-2.70379,-101.252,0.298791,0.3868
9800000,0,-2.71129,-100.819,0.2467,0.373
9805000,0,-2.54795,-101.308,0.14239,0.351
9810000,0,-2.86941,-101.257,0.403213,0.39675
9815000,1,-7.85541,-100.999,2.20335,0.3635
9820000,0,-4.07744,-101.13,0.266682,0.379
9825000,0,-3.1721,-102.375,0.138166,0.377
9830000,0,-2.47533,-100.192,0.22591,0.392333
9835000,0,-3.59487,-102.93,0.376685,0.395
9840000,1,-9.13817,-102.511,1.84813,0.408
9845000,0,-3.41278,-103.299,1.00031,0.418
9850000,1,-5.18064,-101.67,0.487442,0.435
9855000,0,-2.80405,-102.481,0.529817,0.378667
9860000,0,-3.54159,-102.755,0.0741146,0.398
9865000,0,-2.2719,-101.236,0.155315,0.391
9870000,0,-2.80305,-100.846,0.102658,0.43405
9875000,0,-2.57158,-101.222,0.134365,0.3765
9880000,0,-3.04803,-100.818,0.476958,0.364
9885000,1,-7.20902,-96.8828,0.784215,0.4306
9890000,0,-2.91297,-100.955,0.190285,0.435688
9895000,0,-2.80323,-100.583,0.249973,0.419833
9900000,0,-2.51219,-100.763,0.0385337,0.422
9905000,0,-2.66189,-100.89,0.0289074,0.37
9910000,0,-2.29472,-100.466,0.163805,0.426
9915000,1,-9.47861,-100.688,3.48681,0.361
9920000,0,-3.63371,-103.666,0.404423,0.347
9925000,1,-5.98912,-102.243,0.644303,0.555
9930000,0,-2.58359,-102.656,0.0597766,0.361
9935000,0,-2.83503,-100.713,0.520735,0.366
9940000,1,-4.83221,-102.007,0.165278,0.4048
9945000,1,-5.43228,-106.797,0.64215,0.397857
9950000,0,-2.84243,-101.071,0.540048,0.3762
9955000,0,-4.36439,-101.504,1.44726,0.430333
9960000,0,-2.66929,-102.491,0.147872,0.403
9965000,0,-4.56856,-101.234,2.18225,0.352
9970000,1,-8.09676,-100.919,1.56335,0.464
9975000,0,-2.68008,-101.697,0.292333,0.397
9980000,0,-3.69493,-105.034,0.471556,0.332
9985000,0,-4.17114,-102.979,0.702347,0.347
9990000,0,-2.99071,-101.078,0.269515,0.318
9995000,0,-2.88481,-101.931,0.68192,0.39
