generation,N_shifts,logPrior,logLik,eventRate,acceptRate
0,0,-2.90916,-217.206,1,1
5000,0,-4.65432,-102.595,1.43153,0.416333
10000,0,-4.45801,-102.333,1.17284,0.419
15000,0,-3.23766,-102.974,0.642847,0.3814
20000,0,-2.27207,-101.446,0.0520327,0.392571
25000,0,-3.12125,-102.24,0.245685,0.464
30000,0,-4.05994,-101.803,0.993151,0.349
35000,2,-13.5712,-99.6556,1.35976,0.3691
40000,0,-2.57598,-100.784,0.00783827,0.44
45000,0,-2.72271,-100.639,0.351852,0.363875
50000,0,-2.35424,-100.669,0.0430729,0.363
55000,0,-3.32028,-100.907,0.71042,0.35575
60000,0,-2.61316,-101.296,0.0170821,0.45625
65000,0,-3.00498,-102.88,0.371689,0.49
70000,0,-3.56735,-100.55,1.22987,0.495333
75000,0,-2.42425,-102.916,0.134367,0.502
80000,0,-2.71255,-102.837,0.501832,0.4138
85000,1,-9.59917,-100.409,0.964672,0.406167
90000,0,-2.77167,-102.216,0.00508581,0.434
95000,0,-2.73456,-100.491,0.273508,0.348
100000,1,-12.0026,-102.127,2.17082,0.41
105000,0,-3.87259,-102.295,0.572787,0.387833
110000,0,-2.87269,-100.945,0.339975,0.4595
115000,1,-7.16198,-103.396,0.0545576,0.418889
120000,0,-3.16583,-101.7,0.310277,0.413
125000,0,-2.84872,-101.23,0.6874,0.353
130000,0,-3.5864,-103.881,0.158833,0.406333
135000,0,-3.02209,-100.991,0.306201,0.42
140000,0,-2.99461,-100.881,0.489798,0.400353
145000,0,-2.31777,-100.362,0.0130973,0.382429
150000,1,-7.90232,-101.495,0.862573,0.435333
155000,0,-2.82434,-102.381,0.167043,0.39615
160000,0,-3.10591,-101.984,0.303132,0.365
165000,1,-9.6391,-102.584,2.02014,0.36
170000,1,-5.8363,-100.427,0.517443,0.433769
175000,0,-2.62965,-100.276,0.448103,0.421273
180000,0,-2.31024,-101.292,0.0802488,0.487222
185000,0,-2.64884,-102.347,0.504297,0.415273
190000,0,-2.65785,-106.093,0.20696,0.357
195000,0,-2.67321,-100.182,0.524319,0.466
200000,0,-4.42125,-101.594,1.49968,0.39
205000,0,-4.46972,-102.259,1.22479,0.345
210000,0,-3.15031,-101.067,0.818298,0.506
215000,1,-6.12222,-99.4525,0.37166,0.483
220000,0,-2.78142,-102.004,0.619393,0.389
225000,0,-3.25367,-102.189,0.313246,0.433
230000,0,-2.77994,-100.759,0.149116,0.346
235000,0,-3.55136,-103.318,0.128987,0.339
240000,0,-2.90023,-101.364,0.325842,0.381
245000,0,-3.17516,-101.1,0.896141,0.366
250000,1,-7.70566,-100.936,1.03544,0.43
255000,0,-2.51696,-103.496,0.164155,0.387
260000,0,-2.72717,-101.201,0.0694251,0.423
265000,0,-3.13548,-101.583,0.247772,0.432222
270000,0,-2.63094,-100.829,0.0822577,0.388
275000,1,-6.1565,-101.149,0.692443,0.401
280000,0,-2.89892,-103.031,0.580433,0.352
285000,0,-2.9065,-102.084,0.00274674,0.327
290000,0,-2.68974,-100.592,0.341727,0.369
295000,0,-3.60658,-102.236,1.37234,0.376
300000,0,-2.83277,-100.732,0.586437,0.3825
305000,0,-3.3883,-101.145,0.88602,0.3786
310000,1,-6.97427,-101.354,2.54311,0.4205
315000,1,-4.9594,-101.406,0.209594,0.4152
320000,0,-2.64203,-101.161,0.489727,0.442
325000,0,-2.9205,-101.983,0.234915,0.357
330000,0,-3.90252,-102.819,1.27336,0.405
335000,0,-4.61272,-101.359,0.801053,0.403
340000,2,-9.95631,-100.993,0.845412,0.416286
345000,0,-2.35633,-102.107,0.0439364,0.475
350000,0,-3.8415,-100.828,1.65442,0.434
355000,0,-2.66644,-101.186,0.322991,0.422176
360000,1,-6.93642,-101.043,1.86499,0.539
365000,0,-3.57603,-102.566,0.504713,0.348
370000,1,-6.73087,-101.186,0.281798,0.499
375000,0,-2.68012,-100.915,0.0311985,0.424
380000,0,-2.25895,-101.446,0.0573885,0.386
385000,0,-2.58733,-100.551,0.208793,0.3816
390000,0,-3.55305,-101.978,0.516933,0.328
395000,0,-2.31755,-101.708,0.140555,0.374
400000,0,-3.90763,-101.203,1.62597,0.400333
405000,0,-6.79566,-104.697,1.83411,0.427
410000,0,-2.25879,-101.601,0.0342121,0.359
415000,0,-2.74161,-102.07,0.242398,0.367
420000,0,-2.89333,-103.204,0.433689,0.386333
425000,0,-2.66149,-100.793,0.562461,0.400571
430000,1,-6.05962,-102.808,0.337025,0.395714
435000,0,-5.26062,-101.381,2.7414,0.518
440000,0,-2.47832,-101.232,0.163485,0.345
445000,0,-2.3181,-102.192,0.0755577,0.384
450000,0,-2.40844,-101.071,0.259413,0.49975
455000,0,-3.10262,-100.549,0.957532,0.39
460000,1,-6.6814,-101.567,0.426792,0.397125
465000,0,-3.52446,-101.907,0.395358,0.408533
470000,0,-2.78892,-101.749,0.136784,0.372
475000,0,-2.47737,-102.477,0.010742,0.357
480000,0,-3.63442,-102.934,0.578715,0.4028
485000,1,-5.30272,-100.316,0.668679,0.529
490000,0,-3.42284,-102.649,0.498034,0.427333
495000,1,-8.94834,-100.664,0.837525,0.424833
500000,0,-2.23814,-100.846,0.07727,0.4115
505000,2,-9.6449,-104.461,1.36982,0.415
510000,0,-2.93146,-100.399,0.546007,0.383
515000,1,-12.444,-102.61,3.23841,0.410667
520000,1,-6.55565,-102.06,1.061,0.3846
525000,1,-8.66844,-102.497,1.26123,0.387
530000,0,-2.51906,-101.182,0.335358,0.442
535000,0,-3.1044,-102.052,0.275805,0.434625
540000,0,-2.35306,-101.133,0.212306,0.445
545000,0,-3.32929,-101.148,1.1527,0.41
550000,1,-7.8225,-102.58,1.37496,0.393
555000,2,-10.8215,-102.002,1.31415,0.3886
560000,0,-4.66903,-100.568,2.33553,0.388
565000,0,-3.12978,-100.731,0.75855,0.363
570000,0,-5.06005,-102.114,2.38953,0.388
575000,0,-2.89818,-101.117,0.164687,0.33
580000,0,-3.54663,-103.035,0.34721,0.325
585000,0,-3.30619,-100.853,1.13307,0.422556
590000,0,-2.5723,-101.043,0.36699,0.4925
595000,0,-2.43493,-100.786,0.305249,0.407
600000,0,-4.71736,-105,0.647873,0.326
605000,1,-6.36875,-101.75,0.942468,0.417429
610000,1,-5.81035,-101.959,0.442194,0.421
615000,0,-3.5191,-102.914,0.749245,0.433
620000,0,-4.16706,-103.198,1.56363,0.393
625000,0,-2.97453,-102.285,0.138492,0.412
630000,0,-3.25298,-102.096,0.200313,0.348
635000,0,-2.39697,-101.103,0.220712,0.36
640000,0,-2.2874,-100.459,0.0395076,0.378
645000,0,-2.44941,-104.245,0.162741,0.337
650000,0,-3.85583,-101.626,1.50353,0.428
655000,1,-9.48413,-102.194,0.757165,0.449
660000,1,-6.86357,-101.877,0.13258,0.338
665000,0,-2.50738,-101.197,0.304757,0.383
670000,0,-2.86767,-101.868,0.735928,0.431
675000,0,-3.02431,-101.991,0.243396,0.366
680000,1,-8.94126,-102.131,0.877152,0.479
685000,0,-2.46908,-100.48,0.356468,0.433222
690000,0,-3.91309,-102.707,1.54479,0.4045
695000,1,-8.8151,-101.186,2.34998,0.454667
700000,0,-3.75601,-101.416,1.56673,0.446
705000,0,-2.69537,-100.935,0.515844,0.409286
710000,0,-3.38418,-101.798,0.603545,0.474
715000,0,-3.83346,-103.594,1.05667,0.390714
720000,1,-9.02542,-100.86,1.02267,0.366
725000,0,-2.92274,-102.289,0.652615,0.446
730000,0,-2.82978,-100.391,0.389914,0.409
735000,0,-2.73928,-101.358,0.642523,0.375
740000,0,-2.21689,-101.541,0.0316667,0.402727
745000,0,-2.30574,-100.576,0.149049,0.503
750000,1,-7.8808,-96.5238,1.65119,0.457
755000,1,-7.29168,-103.573,0.824135,0.4458
760000,0,-2.75632,-101.882,0.220358,0.4168
765000,0,-2.96742,-100.831,0.582402,0.3815
770000,0,-2.42186,-101.065,0.0859097,0.388083
775000,1,-5.40318,-101.757,0.50719,0.4065
780000,0,-2.58109,-101.156,0.302869,0.472
785000,0,-3.18983,-101.586,0.348506,0.423
790000,0,-2.99497,-102.571,0.789916,0.419143
795000,0,-2.46229,-101.595,0.291274,0.429
800000,0,-3.87233,-101.8,1.088,0.438
805000,0,-3.97666,-103.814,1.39675,0.408714
810000,0,-2.51525,-100.412,0.0817231,0.4182
815000,1,-5.97114,-103.929,0.43133,0.425333
820000,0,-2.93037,-100.607,0.546041,0.376
825000,0,-2.86519,-100.33,0.527693,0.432667
830000,2,-14.2659,-101.88,2.6146,0.404333
835000,0,-2.50085,-100.608,0.35783,0.38575
840000,0,-2.50837,-103.267,0.0887012,0.331
845000,0,-3.23571,-102.076,0.343988,0.3869
850000,0,-2.61883,-102.144,0.467446,0.502333
855000,0,-2.8086,-102.061,0.280465,0.356
860000,1,-7.61673,-103.506,0.414353,0.393
865000,0,-2.13701,-100.436,0.0310224,0.4795
870000,0,-3.80087,-104.382,0.145095,0.407667
875000,0,-2.80702,-103.04,0.05803,0.4575
880000,0,-2.49297,-102.887,0.229089,0.4135
885000,0,-3.19134,-100.695,0.889291,0.368
890000,0,-4.21364,-105.207,0.225766,0.39425
895000,0,-3.3144,-102.987,0.504771,0.317
900000,0,-3.24275,-100.73,0.999977,0.469
905000,0,-3.13359,-100.848,0.584262,0.353
910000,0,-2.36597,-101.179,0.0685913,0.4395
915000,0,-2.53661,-102.011,0.16231,0.54
920000,0,-2.27649,-100.77,0.0566684,0.41275
925000,0,-2.25588,-101.462,0.032844,0.452
930000,0,-2.16259,-100.229,0.0354588,0.414667
935000,0,-2.75855,-101.269,0.229739,0.434267
940000,0,-5.54862,-104.104,0.450297,0.4
945000,2,-15.7719,-103.95,0.698216,0.480333
950000,1,-8.75052,-101.567,2.01373,0.455778
955000,0,-2.25928,-101.312,0.146441,0.42
960000,0,-2.27568,-102.976,0.0526193,0.373333
965000,0,-2.91335,-105.21,0.279736,0.53
970000,0,-2.85315,-101.123,0.177601,0.452261
975000,0,-3.25347,-103.264,0.533518,0.444667
980000,0,-3.50328,-100.316,1.09106,0.379
985000,0,-3.09104,-102.347,0.164352,0.364
990000,0,-2.3516,-100.911,0.147755,0.461
995000,0,-2.5682,-100.706,0.457323,0.387
1000000,0,-2.58195,-102.545,0.137309,0.406
1005000,1,-7.66418,-101.474,0.838757,0.42
1010000,0,-3.08496,-101.307,0.217799,0.405
1015000,0,-4.53241,-100.505,2.08322,0.419
1020000,0,-3.15036,-101.871,0.737355,0.3665
1025000,0,-4.02952,-101.574,1.13841,0.445
1030000,0,-3.2392,-100.876,0.536834,0.392
1035000,0,-2.60165,-104.177,0.202095,0.355
1040000,0,-3.65232,-102.407,0.642058,0.316
1045000,0,-3.02778,-100.92,0.183384,0.445
1050000,0,-2.63183,-102.522,0.0207982,0.421833
1055000,0,-2.52814,-100.672,0.053024,0.397
1060000,0,-2.43956,-100.273,0.162959,0.432
1065000,0,-2.6047,-107.009,0.134817,0.345
1070000,1,-8.33421,-100.603,0.519872,0.412
1075000,0,-2.24811,-101.448,0.0623949,0.378
1080000,0,-3.56542,-103.091,0.400011,0.4205
1085000,0,-2.68292,-101.852,0.0521255,0.381333
1090000,0,-2.41463,-100.792,0.0574093,0.4395
1095000,0,-2.52225,-101.577,0.210375,0.495
1100000,0,-3.96543,-101.069,1.81645,0.37
1105000,0,-2.44309,-103.983,0.135632,0.4085
1110000,0,-4.07518,-100.565,1.61578,0.42
1115000,0,-3.15104,-103.839,0.326373,0.338
1120000,0,-2.4805,-100.174,0.184896,0.431
1125000,0,-2.55408,-103.603,0.32661,0.4242
1130000,0,-3.2509,-102.091,0.421868,0.306
1135000,0,-2.75106,-100.811,0.65786,0.482
1140000,0,-3.13491,-105.114,0.684362,0.385
1145000,0,-3.15711,-102.148,0.230939,0.393
1150000,0,-3.40806,-101.102,0.792999,0.412519
1155000,0,-2.55213,-101.087,0.418613,0.441
1160000,0,-2.75643,-101.672,0.488083,0.411
1165000,0,-4.86115,-102.935,1.44086,0.43
1170000,0,-3.16498,-101.725,0.646441,0.333
1175000,0,-3.37263,-103.514,0.0530488,0.4833
1180000,0,-4.27785,-104.394,0.77095,0.362167
1185000,1,-9.79039,-100.559,1.49044,0.397
1190000,0,-2.92735,-103.756,0.584212,0.396
1195000,0,-2.71627,-102.688,0.299893,0.4238
1200000,0,-4.28383,-104.245,0.349301,0.393556
1205000,0,-3.15368,-103.537,0.519226,0.367
1210000,0,-2.73576,-103.503,0.0549377,0.379
1215000,1,-6.38692,-103.318,0.348098,0.484
1220000,0,-2.99743,-102.921,0.715999,0.378667
1225000,2,-8.85758,-103.122,1.31376,0.414
1230000,1,-5.56306,-106.75,0.210639,0.429
1235000,0,-2.74567,-101.941,0.240142,0.378
1240000,0,-2.15531,-100.342,0.0488385,0.389875
1245000,0,-2.26825,-101.412,0.0625065,0.326
1250000,0,-2.55514,-102.852,0.0914618,0.4164
1255000,0,-3.28174,-101.232,0.394921,0.342
1260000,0,-3.2972,-103.472,0.113765,0.44
1265000,0,-3.26034,-102.811,0.92411,0.374
1270000,0,-2.92832,-101.869,0.222559,0.374444
1275000,0,-3.16237,-101.563,0.30667,0.369
1280000,1,-7.74285,-96.0167,0.100546,0.532
1285000,1,-5.11419,-100.191,0.412932,0.567
1290000,1,-8.84402,-103.037,1.66919,0.430611
1295000,0,-2.68542,-102.108,0.0307527,0.377
1300000,0,-4.01279,-102.981,1.21074,0.31
1305000,0,-2.96415,-101.272,0.626783,0.396
1310000,0,-2.37504,-102.859,0.126794,0.45375
1315000,0,-2.84266,-102.117,0.577075,0.3625
1320000,0,-3.91113,-100.342,1.76586,0.409
1325000,0,-2.89252,-101.62,0.602774,0.3944
1330000,0,-2.56945,-101.963,0.366667,0.408
1335000,1,-6.1197,-103.371,0.490728,0.434
1340000,0,-3.14487,-100.773,0.554645,0.35
1345000,0,-2.9775,-100.96,0.503448,0.3848
1350000,0,-2.31888,-100.836,0.0406644,0.383833
1355000,0,-2.42515,-100.73,0.00368514,0.435333
1360000,0,-3.44267,-101.549,0.526308,0.345
1365000,0,-3.0838,-102.373,0.248246,0.365
1370000,0,-2.34873,-101.498,0.107451,0.392182
1375000,0,-2.46724,-100.385,0.0362275,0.386333
1380000,0,-2.81895,-101.389,0.428756,0.3915
1385000,0,-2.27351,-101.691,0.0262112,0.382
1390000,0,-4.43707,-101.072,0.512364,0.3892
1395000,0,-3.72771,-102.891,0.534591,0.332
1400000,0,-2.67398,-101.974,0.491586,0.429727
1405000,0,-3.70152,-102.648,1.01505,0.327
1410000,0,-2.49552,-101.21,0.0144938,0.353
1415000,2,-10.4894,-100.911,3.2051,0.418
1420000,0,-2.76457,-100.944,0.623086,0.379
1425000,0,-2.50529,-102.8,0.109576,0.359
1430000,0,-3.2773,-100.62,0.6816,0.37975
1435000,0,-2.63366,-102.398,0.331971,0.423
1440000,0,-3.27233,-102.622,0.940593,0.421
1445000,1,-6.95667,-104.199,1.2917,0.46
1450000,0,-2.50096,-101.53,0.30112,0.384667
1455000,1,-6.81093,-99.1684,1.43658,0.394
1460000,0,-2.46655,-102.534,0.281617,0.431
1465000,0,-3.27031,-105.746,0.277487,0.422
1470000,0,-2.53767,-100.568,0.399684,0.3518
1475000,1,-9.94937,-102.945,1.76639,0.385
1480000,0,-4.46741,-101.532,1.96926,0.3925
1485000,0,-2.53634,-101.591,0.20434,0.453
1490000,1,-7.35304,-95.997,0.233874,0.541
1495000,0,-3.00959,-101.475,0.700523,0.386
1500000,0,-2.36261,-103.503,2.94007e-005,0.319
1505000,1,-9.18582,-102.108,1.95095,0.445778
1510000,0,-3.00917,-103.905,0.0127891,0.3885
1515000,0,-2.37454,-100.315,0.151588,0.513
1520000,0,-3.52624,-102.33,0.929869,0.407
1525000,0,-3.87824,-101.752,0.852072,0.3564
1530000,0,-2.33046,-101.335,0.0842125,0.405
1535000,0,-3.58155,-102.242,0.934112,0.415333
1540000,0,-3.89014,-102.038,0.258254,0.369
1545000,0,-2.67573,-100.857,0.261829,0.44
1550000,0,-3.11056,-102.712,0.432932,0.4
1555000,0,-3.55224,-102.975,1.24702,0.449
1560000,0,-2.85215,-101.033,0.512655,0.38475
1565000,0,-3.76504,-102.358,0.222383,0.426474
1570000,0,-2.93003,-101.548,0.135531,0.409909
1575000,0,-3.06709,-100.829,0.848435,0.434
1580000,0,-2.89882,-101.243,0.620971,0.459
1585000,0,-2.62791,-101.914,0.422225,0.375
1590000,0,-3.13781,-102.629,0.486665,0.326
1595000,0,-2.43532,-100.177,0.219342,0.467667
1600000,0,-3.71233,-101.389,0.917928,0.4342
1605000,0,-2.87315,-101.567,0.328873,0.46
1610000,0,-4.11836,-102.064,1.57566,0.441
1615000,0,-3.44486,-100.531,1.33693,0.399
1620000,0,-2.51729,-100.362,0.193254,0.386333
1625000,0,-2.26644,-101.588,0.0707427,0.355
1630000,0,-3.29281,-103.234,0.601132,0.357333
1635000,0,-2.41114,-103.81,0.0623847,0.443
1640000,0,-2.76518,-101.225,0.233065,0.411
1645000,0,-3.01534,-101.31,0.26744,0.4115
1650000,0,-2.64096,-101.597,0.0452626,0.432
1655000,0,-3.06455,-101.898,0.0275928,0.367
1660000,0,-2.53365,-101.487,0.0307221,0.478
1665000,0,-3.2142,-101.588,1.14247,0.37
1670000,0,-2.88819,-101.43,0.0684631,0.371
1675000,0,-3.27007,-103.614,0.13813,0.403
1680000,2,-8.76188,-99.1745,0.905669,0.427667
1685000,0,-3.08509,-102.299,0.472706,0.3535
1690000,0,-2.66087,-100.938,0.527662,0.445
1695000,0,-2.60208,-101.399,0.297722,0.434667
1700000,0,-2.76839,-101.967,0.474367,0.388
1705000,1,-6.21375,-105.866,0.453774,0.432571
1710000,0,-3.20897,-100.424,0.978605,0.382
1715000,0,-4.36409,-101.805,1.33357,0.422
1720000,0,-3.15075,-101.611,0.138044,0.337
1725000,0,-4.43314,-104.091,0.899393,0.318
1730000,0,-4.45359,-102.581,1.61748,0.385
1735000,0,-3.76578,-101.736,0.689695,0.369125
1740000,0,-2.62458,-101.822,0.256479,0.399
1745000,0,-2.96415,-103.388,0.430788,0.409
1750000,0,-2.95299,-103.647,0.374464,0.3795
1755000,0,-2.47868,-101.881,0.332406,0.385
1760000,0,-2.86097,-100.266,0.66638,0.3842
1765000,0,-2.38907,-100.962,0.0578855,0.4026
1770000,0,-3.17626,-102.649,0.248891,0.39
1775000,0,-2.45701,-100.936,0.0532364,0.409727
1780000,0,-4.20533,-103.656,0.665181,0.437643
1785000,0,-3.55507,-103.938,0.296106,0.398
1790000,0,-2.46505,-100.182,0.196985,0.397636
1795000,1,-7.29372,-102.396,1.12904,0.398
1800000,0,-2.61911,-102.821,0.111371,0.445
1805000,0,-2.61133,-101.67,0.378642,0.403667
1810000,0,-3.66094,-102.804,1.33669,0.341
1815000,0,-2.52404,-104.293,0.180652,0.4274
1820000,0,-2.90608,-101.355,0.188153,0.3965
1825000,0,-2.24026,-101.762,0.053261,0.416
1830000,0,-2.52445,-100.43,0.0927839,0.44075
1835000,0,-2.39511,-100.25,0.00959372,0.50175
1840000,0,-3.51538,-100.26,1.3947,0.409
1845000,0,-3.39299,-104.281,0.0832163,0.352
1850000,0,-2.61278,-103.037,0.270652,0.435815
1855000,0,-4.53469,-102.445,2.25163,0.465667
1860000,0,-2.88459,-101.784,0.318448,0.4245
1865000,0,-4.19163,-103.716,0.898852,0.465
1870000,0,-3.32468,-100.861,1.02079,0.45575
1875000,1,-5.49856,-102.595,0.128149,0.404
1880000,0,-3.70165,-102.622,0.858582,0.444
1885000,0,-2.82649,-101.21,0.583415,0.455
1890000,4,-18.3906,-104.876,1.72363,0.51
1895000,1,-6.55606,-103.855,0.548861,0.458
1900000,0,-2.7893,-100.85,0.653484,0.409
1905000,2,-15.3494,-101.283,2.92801,0.430333
1910000,0,-2.95769,-100.734,0.772942,0.409864
1915000,0,-3.36204,-101.178,0.815766,0.389
1920000,0,-2.46215,-100.533,0.268366,0.356
1925000,1,-7.04872,-99.7355,1.69835,0.402143
1930000,0,-4.37482,-101.201,0.925152,0.476
1935000,0,-3.16427,-100.575,0.57088,0.535
1940000,0,-4.10877,-102.713,0.696118,0.349
1945000,0,-2.424,-101.737,0.186614,0.413
1950000,0,-2.82194,-101.024,0.167405,0.334333
1955000,0,-2.96155,-100.208,0.711711,0.341167
1960000,0,-4.17138,-102.482,0.86721,0.37
1965000,0,-3.23574,-102.869,0.371949,0.404615
1970000,0,-2.48448,-101.665,0.195086,0.411929
1975000,0,-3.07129,-101.301,0.566628,0.359
1980000,0,-3.34867,-101.736,0.281762,0.415
1985000,0,-3.08578,-101.85,0.557403,0.384
1990000,0,-2.55526,-100.515,0.352236,0.417176
1995000,0,-2.87834,-102.79,0.49192,0.422
2000000,0,-3.21124,-102.713,0.054282,0.446667
2005000,0,-3.57137,-104.766,0.662174,0.372
2010000,0,-3.8334,-104.042,1.45139,0.39225
2015000,1,-6.08793,-105.649,0.574727,0.485
2020000,0,-3.64897,-101.125,1.05985,0.325
2025000,0,-2.64059,-100.532,0.430434,0.39775
2030000,0,-3.20278,-102.829,0.148904,0.376
2035000,1,-8.57724,-101.134,1.71,0.4618
2040000,0,-2.47757,-100.606,0.324923,0.386
2045000,0,-3.28758,-102.356,0.52847,0.3635
2050000,0,-2.74531,-100.47,0.43519,0.382
2055000,0,-3.69945,-101.12,0.932076,0.431
2060000,3,-18.2928,-101.661,3.16553,0.401833
2065000,0,-2.29016,-100.473,0.0994169,0.405
2070000,0,-2.69848,-100.486,0.370381,0.434
2075000,1,-7.49154,-100.352,0.964213,0.4192
2080000,1,-7.85015,-105.784,1.01932,0.454
2085000,0,-2.7517,-101.479,0.523536,0.423857
2090000,0,-2.3996,-101.312,0.0696525,0.441846
2095000,0,-2.59655,-100.572,0.453171,0.4
2100000,0,-2.74886,-100.722,0.469269,0.373
2105000,0,-2.64334,-100.443,0.196666,0.366
2110000,0,-2.32856,-100.49,0.0143078,0.42975
2115000,0,-2.41922,-100.988,0.00914882,0.382
2120000,0,-3.77835,-100.399,1.61712,0.441
2125000,0,-2.50907,-100.295,0.382762,0.346
2130000,0,-3.0579,-101.1,0.518941,0.371
2135000,0,-2.48968,-100.732,0.00449622,0.41
2140000,0,-3.8407,-101.041,1.69475,0.4065
2145000,0,-2.92587,-100.921,0.304059,0.386
2150000,0,-6.13968,-101.468,3.58667,0.369
2155000,0,-3.75607,-100.817,0.80778,0.414
2160000,0,-4.91985,-101.465,2.07839,0.4075
2165000,0,-2.66507,-100.419,0.171825,0.421333
2170000,1,-6.83661,-96.3209,1.71545,0.577
2175000,0,-3.92918,-101.691,1.27728,0.487
2180000,0,-2.40442,-101.854,0.245951,0.398
2185000,0,-3.26241,-101.531,0.880567,0.331
2190000,0,-2.36157,-102.974,0.156288,0.416
2195000,0,-2.50469,-101.012,0.0630654,0.592
2200000,0,-2.87677,-101.666,0.0970631,0.462625
2205000,1,-9.91111,-99.199,0.742668,0.5335
2210000,0,-2.76403,-101.977,0.255089,0.402
2215000,0,-3.37824,-104.271,0.480766,0.35
2220000,1,-5.96905,-100.323,0.953934,0.384333
2225000,0,-2.82231,-100.802,0.328769,0.388
2230000,0,-2.44661,-103.755,0.0520619,0.398727
2235000,1,-7.74596,-100.002,1.96906,0.43875
2240000,0,-3.25801,-102.197,0.545672,0.398
2245000,0,-2.93828,-103.561,0.354642,0.331
2250000,0,-3.17624,-102.465,0.212046,0.336
2255000,0,-2.17604,-100.46,0.00563339,0.398667
2260000,0,-2.7479,-103.329,0.568788,0.33
2265000,0,-2.50478,-102.228,0.1008,0.417571
2270000,0,-2.3425,-100.47,0.0917154,0.349
2275000,0,-3.0913,-105.865,0.161223,0.371
2280000,0,-2.59101,-106.612,0.0497852,0.4196
2285000,0,-2.85493,-104.807,0.455029,0.366
2290000,1,-6.65682,-104.178,1.41269,0.42
2295000,0,-2.6699,-104.128,0.338624,0.447
2300000,0,-3.06554,-101.026,0.904799,0.403929
2305000,1,-5.6502,-102.195,0.32843,0.459
2310000,1,-7.52292,-101.811,0.729523,0.4815
2315000,0,-3.4107,-100.936,0.927718,0.348
2320000,0,-2.60274,-101.073,0.437601,0.457
2325000,0,-2.54149,-101.109,0.160133,0.448
2330000,0,-5.68522,-101.133,0.249448,0.460333
2335000,0,-3.39226,-102.597,0.669722,0.399
2340000,0,-3.86022,-101.405,0.0396495,0.398
2345000,1,-6.28509,-102.367,0.816348,0.4324
2350000,0,-4.93788,-101.648,1.98134,0.4224
2355000,2,-10.1298,-103.574,2.44978,0.573667
2360000,0,-3.63911,-104.696,0.693683,0.438579
2365000,0,-3.22399,-102.693,0.477284,0.386333
2370000,0,-2.6696,-100.576,0.171431,0.388
2375000,0,-2.7433,-101.417,0.447535,0.367
2380000,0,-2.89739,-101.467,0.358514,0.381
2385000,0,-3.52345,-100.74,1.26766,0.391
2390000,0,-3.47953,-102.564,0.333122,0.441
2395000,0,-2.99067,-102.971,0.767147,0.37
2400000,0,-2.62865,-101.814,0.179606,0.58
2405000,0,-3.36977,-102.84,0.0523222,0.39
2410000,0,-3.84028,-101.611,1.53068,0.327
2415000,0,-3.06913,-101.273,0.554413,0.345
2420000,0,-4.54222,-104.227,0.647317,0.328
2425000,0,-2.63693,-102.099,0.271598,0.406
2430000,0,-2.4082,-100.355,0.145464,0.4038
2435000,0,-4.66518,-102.552,2.06826,0.406389
2440000,0,-2.43182,-100.483,0.0304178,0.379
2445000,0,-3.84291,-101.675,0.081203,0.423
2450000,0,-4.22942,-103.504,1.44516,0.442
2455000,2,-10.673,-100.486,1.92041,0.469
2460000,0,-3.29943,-102.722,0.766524,0.384
2465000,0,-3.65065,-101.683,0.777296,0.383857
2470000,0,-2.31064,-101.126,0.0391918,0.389833
2475000,0,-2.3643,-101.703,0.14861,0.423
2480000,0,-2.64871,-101.28,0.163372,0.367
2485000,0,-3.11846,-100.331,0.741302,0.4555
2490000,0,-2.4884,-102.298,0.337028,0.441
2495000,0,-2.47986,-100.23,0.187534,0.385
2500000,1,-10.084,-102.38,0.570434,0.524
2505000,0,-2.50593,-101.741,0.331747,0.368
2510000,0,-4.32188,-104.053,0.853883,0.347
2515000,0,-2.82042,-101.066,0.259871,0.390333
2520000,0,-3.68919,-101.95,0.522608,0.4085
2525000,1,-6.1404,-101.904,0.296638,0.43
2530000,0,-4.79403,-101.215,1.91194,0.379
2535000,0,-3.01889,-101.177,0.223462,0.328
2540000,0,-2.24022,-101.274,0.078495,0.36075
2545000,1,-5.90578,-101.572,0.876132,0.396
2550000,0,-3.90272,-101.576,0.995949,0.362
2555000,0,-3.60678,-101.743,0.575764,0.402
2560000,0,-2.94627,-100.143,0.800822,0.3604
2565000,0,-4.02512,-101.001,0.0766524,0.39575
2570000,0,-2.77787,-100.693,0.425661,0.405
2575000,0,-2.39261,-100.538,0.0440348,0.443364
2580000,0,-2.27793,-100.949,0.172522,0.38
2585000,0,-3.25709,-102.411,0.927064,0.417333
2590000,0,-2.37227,-100.818,0.0748465,0.437385
2595000,0,-3.14173,-100.408,1.00686,0.421
2600000,0,-3.60347,-101.056,0.115525,0.464692
2605000,0,-2.91285,-104.753,0.727588,0.523
2610000,0,-3.71235,-103.285,0.330406,0.366
2615000,0,-2.65407,-100.869,0.510397,0.3498
2620000,0,-3.64459,-101.969,0.562068,0.3785
2625000,0,-2.90531,-102.869,0.232865,0.448
2630000,0,-3.10772,-102.813,0.00457906,0.401667
2635000,0,-2.93603,-103.922,0.314229,0.408
2640000,1,-7.62991,-102.034,1.18626,0.4265
2645000,0,-4.05083,-100.747,1.96829,0.373
2650000,0,-2.44099,-101.386,0.0963125,0.398222
2655000,0,-2.48857,-100.508,0.0371288,0.3525
2660000,0,-3.21049,-101.578,1.11502,0.3865
2665000,0,-2.708,-101.469,0.562527,0.389
2670000,0,-3.99176,-100.134,1.8327,0.336
2675000,0,-2.54773,-100.357,0.197871,0.429
2680000,0,-2.73275,-100.907,0.141754,0.404083
2685000,0,-3.75878,-100.815,1.23059,0.407
2690000,0,-2.83812,-103.184,0.561019,0.384333
2695000,0,-2.54461,-100.62,0.440719,0.489
2700000,0,-3.24926,-101.541,0.817618,0.450667
2705000,0,-2.95677,-101.829,0.0414027,0.461
2710000,0,-3.36663,-102.689,0.00455284,0.37325
2715000,0,-2.61996,-102.659,0.148705,0.402
2720000,0,-2.22842,-101.19,0.0659018,0.395636
2725000,0,-2.83262,-101.622,0.396189,0.399
2730000,0,-2.77135,-101.693,0.361118,0.4392
2735000,1,-10.2962,-102.625,2.25642,0.372
2740000,0,-2.37085,-100.539,0.087268,0.4
2745000,0,-3.92157,-103.393,0.584339,0.424312
2750000,0,-3.23005,-101.831,0.337352,0.352
2755000,1,-6.51402,-102.626,1.11108,0.395
2760000,0,-2.56648,-100.21,0.441343,0.376
2765000,0,-3.87231,-101.778,0.994202,0.370636
2770000,0,-4.26261,-101.14,2.11355,0.385
2775000,0,-2.80229,-101.07,0.698061,0.404364
2780000,0,-3.5488,-102.261,0.92771,0.407
2785000,1,-7.60222,-97.7879,0.581794,0.594
2790000,0,-2.29591,-100.452,0.205411,0.402375
2795000,1,-10.9208,-101.15,1.5378,0.418
2800000,0,-2.70426,-104.773,0.337389,0.4079
2805000,0,-3.91482,-103.994,0.213907,0.352
2810000,0,-2.87998,-101.371,0.235159,0.437571
2815000,0,-3.42235,-101.456,0.672276,0.32
2820000,0,-2.86499,-101.436,0.0727199,0.418667
2825000,0,-2.76228,-100.851,0.621659,0.402
2830000,0,-2.91928,-101.036,0.758446,0.4054
2835000,0,-2.99204,-101.28,0.313271,0.42575
2840000,0,-3.08811,-100.466,0.678729,0.471
2845000,0,-3.63825,-103.133,0.137733,0.371
2850000,0,-2.35846,-100.755,0.10468,0.396556
2855000,1,-6.56561,-100.126,1.31587,0.503
2860000,0,-2.89727,-100.86,0.499687,0.381
2865000,0,-3.09399,-101.742,0.899447,0.385
2870000,0,-3.41494,-101.889,0.843305,0.445
2875000,0,-2.64226,-103.093,0.337227,0.394385
2880000,0,-2.90576,-101.413,0.43996,0.38975
2885000,1,-11.6492,-103.294,1.397,0.4335
2890000,0,-2.92694,-100.652,0.788549,0.42
2895000,0,-2.63022,-101.739,0.0688465,0.341
2900000,0,-3.01021,-100.124,0.704915,0.357
2905000,0,-2.33358,-100.268,0.0355428,0.3685
2910000,0,-3.71291,-102.766,0.423925,0.4
2915000,0,-2.65616,-101.797,0.0439323,0.454
2920000,0,-2.56352,-100.861,0.158284,0.4055
2925000,0,-2.86857,-100.928,0.169933,0.406
2930000,0,-2.86776,-100.508,0.770185,0.422
2935000,0,-2.9257,-100.473,0.751718,0.431
2940000,0,-2.27292,-100.413,0.0346643,0.464
2945000,0,-2.28242,-100.484,0.0723384,0.4305
2950000,0,-3.44961,-101.332,0.621576,0.3905
2955000,0,-3.79297,-104.1,1.55348,0.378167
2960000,1,-7.38945,-100.385,1.91007,0.368
2965000,0,-2.34531,-100.818,0.20056,0.4102
2970000,0,-2.35615,-103.335,0.00659049,0.414231
2975000,0,-2.99189,-101.511,0.32974,0.385
2980000,0,-2.88104,-101.262,0.0121908,0.409
2985000,0,-2.74767,-103.638,0.0510128,0.37125
2990000,0,-2.82156,-101.415,0.0595402,0.39
2995000,1,-6.66631,-101.111,1.43425,0.398
3000000,0,-2.33823,-101.63,0.0688378,0.395
3005000,0,-3.57159,-102.54,0.858261,0.3815
3010000,1,-7.19492,-101.462,1.30723,0.419
3015000,0,-4.20691,-101.773,1.18454,0.4205
3020000,0,-2.51141,-100.578,0.339723,0.4229
3025000,0,-2.58898,-107.435,0.125457,0.386
3030000,1,-6.56036,-102.793,1.15775,0.4134
3035000,0,-3.44967,-100.465,1.29218,0.456
3040000,0,-4.19738,-102.735,0.815141,0.472
3045000,0,-3.54221,-101.885,0.447345,0.428
3050000,0,-3.27422,-101.048,0.837865,0.379
3055000,0,-3.03707,-103.06,0.849524,0.427429
3060000,0,-4.83584,-101.579,0.407462,0.468
3065000,0,-2.56642,-101.413,0.3802,0.436
3070000,0,-2.88702,-101.392,0.620549,0.498667
3075000,0,-2.40933,-101.651,0.0536322,0.373
3080000,0,-2.4411,-102.598,0.137391,0.567
3085000,0,-2.68879,-100.209,0.401783,0.431875
3090000,0,-2.3329,-102.228,0.163617,0.424059
3095000,0,-3.05321,-103.046,0.533751,0.462
3100000,0,-2.40256,-102.488,0.0425926,0.3685
3105000,1,-6.50866,-95.8908,0.657389,0.558
3110000,0,-3.31923,-101.472,0.843508,0.402
3115000,0,-4.54954,-105.874,0.508903,0.474
3120000,0,-2.50682,-101.467,0.0603985,0.409
3125000,0,-2.46714,-102.964,0.192929,0.409846
3130000,0,-3.35081,-100.801,1.07735,0.44075
3135000,0,-3.40637,-101.961,0.517259,0.371
3140000,0,-2.54173,-103.507,0.0316489,0.421
3145000,0,-2.19163,-100.496,0.00771786,0.348
3150000,3,-18.1903,-96.0848,4.77804,0.460857
3155000,0,-3.25462,-102.024,0.469255,0.494167
3160000,1,-5.74353,-104.8,0.0740357,0.48825
3165000,0,-2.92844,-100.727,0.775379,0.44
3170000,0,-4.73474,-101.878,0.962056,0.43
3175000,0,-2.33545,-100.807,0.00210327,0.425
3180000,0,-2.45798,-102.798,0.00542948,0.405286
3185000,1,-8.81897,-102.66,0.448087,0.393
3190000,0,-2.49975,-103.057,0.230442,0.49625
3195000,1,-5.65934,-99.9491,0.306428,0.4685
3200000,1,-5.23622,-101.559,0.49484,0.4416
3205000,0,-3.21259,-103.747,0.421145,0.369667
3210000,0,-2.47793,-100.547,0.312056,0.281
3215000,1,-5.89498,-100.131,0.58745,0.375909
3220000,0,-4.22082,-102.121,1.27005,0.3864
3225000,0,-4.06,-100.239,1.73968,0.405
3230000,0,-2.60599,-101.521,0.431817,0.382
3235000,0,-4.4323,-101.355,1.8655,0.476
3240000,0,-3.38603,-102.25,0.334359,0.393
3245000,0,-3.30059,-101.399,0.806343,0.38244
3250000,0,-2.7016,-101.017,0.0435802,0.541
3255000,0,-3.62744,-101.557,0.766795,0.372
3260000,0,-4.04998,-100.842,1.63903,0.417667
3265000,0,-3.48789,-104.112,0.0426693,0.419
3270000,0,-3.16938,-102.268,0.123092,0.327
3275000,0,-3.1863,-102.499,0.496839,0.497286
3280000,0,-4.30288,-104.375,1.61016,0.413833
3285000,0,-2.56984,-103.751,0.0344947,0.439632
3290000,0,-3.27191,-100.495,0.805951,0.4274
3295000,0,-3.08386,-100.283,0.674829,0.415
3300000,0,-3.17789,-100.394,1.0675,0.40475
3305000,0,-5.16533,-105.033,1.13816,0.315
3310000,0,-3.06388,-100.727,0.875947,0.553
3315000,1,-7.77973,-101.24,1.26697,0.4356
3320000,0,-2.65512,-101.538,0.341736,0.429
3325000,0,-3.86591,-102.851,1.21589,0.441
3330000,1,-7.2437,-95.5913,1.39438,0.484
3335000,1,-7.57453,-102.336,0.434879,0.428
3340000,0,-3.97582,-101.122,0.384572,0.435
3345000,0,-2.88458,-103.242,0.00321887,0.401
3350000,0,-3.04951,-101.92,0.85377,0.436294
3355000,0,-3.11125,-102.819,0.0216562,0.464
3360000,0,-2.27671,-100.632,0.128719,0.4
3365000,0,-2.83704,-101.644,0.0250897,0.321
3370000,1,-6.60718,-103.951,1.23756,0.434
3375000,2,-9.5793,-94.9237,0.696481,0.54925
3380000,0,-2.75968,-101.034,0.131558,0.3485
3385000,0,-3.602,-101.703,1.37893,0.362
3390000,0,-3.16709,-102.68,0.459655,0.465333
3395000,0,-2.91009,-101.144,0.265758,0.364
3400000,0,-3.02307,-102.213,0.510831,0.438
3405000,0,-3.57202,-101.418,0.749534,0.40825
3410000,0,-3.43255,-101.557,1.10277,0.4775
3415000,0,-2.36445,-100.317,0.0565209,0.410375
3420000,0,-3.582,-101.486,0.73595,0.393
3425000,0,-2.6614,-100.813,0.430172,0.408667
3430000,3,-15.1338,-102.542,3.38662,0.52
3435000,0,-2.92051,-100.753,0.656298,0.322
3440000,1,-5.7721,-100.365,1.05268,0.384111
3445000,0,-5.17672,-104.359,0.0248752,0.399
3450000,0,-2.68327,-100.604,0.27742,0.4068
3455000,0,-3.65936,-102.05,0.712869,0.598
3460000,2,-16.0506,-101.965,1.77921,0.400222
3465000,0,-2.70946,-101.895,0.094114,0.3675
3470000,1,-8.03256,-94.9698,0.516365,0.478
3475000,1,-7.4826,-99.3528,0.111111,0.529
3480000,0,-2.99839,-101.611,0.639062,0.365
3485000,0,-3.03735,-100.762,0.924607,0.401
3490000,2,-12.6625,-101.157,2.40563,0.441
3495000,0,-3.35767,-100.887,1.13774,0.43165
3500000,0,-2.57589,-100.622,0.395268,0.442
3505000,0,-2.60589,-101.564,0.3557,0.328
3510000,1,-7.76744,-98.5866,2.35586,0.543667
3515000,0,-2.56773,-102.154,0.199303,0.381
3520000,0,-3.06754,-101.139,0.266239,0.394
3525000,0,-2.60465,-100.807,0.367511,0.4546
3530000,0,-2.42614,-101.103,0.0236896,0.44025
3535000,0,-2.96706,-102.646,0.845382,0.403
3540000,0,-2.44118,-101.587,0.21284,0.4295
3545000,0,-3.82637,-100.738,0.778915,0.416167
3550000,2,-10.3529,-100.014,1.04668,0.415
3555000,1,-7.85097,-106.021,1.53563,0.41075
3560000,0,-2.62366,-102.984,0.162533,0.427
3565000,1,-5.87013,-102.917,0.446891,0.377
3570000,0,-3.46317,-104.151,0.387574,0.345
3575000,0,-2.33075,-101.678,0.0774027,0.531
3580000,0,-2.36025,-103.008,0.118418,0.478
3585000,1,-6.37575,-101.582,0.167564,0.42
3590000,1,-8.10542,-102.406,0.574257,0.42608
3595000,0,-2.66726,-102.659,0.0206998,0.4425
3600000,0,-2.19763,-101.333,0.0337496,0.471
3605000,0,-2.78542,-102.801,0.0906031,0.429357
3610000,0,-2.55369,-101.75,0.0610642,0.433
3615000,0,-2.32619,-101.92,0.24111,0.379
3620000,0,-3.35621,-100.724,0.690488,0.331
3625000,0,-4.34858,-102.297,1.25623,0.404214
3630000,0,-2.14715,-100.337,0.0210728,0.410667
3635000,0,-2.49236,-101.723,0.33853,0.424667
3640000,0,-2.50196,-101.875,0.0297975,0.3872
3645000,0,-3.97112,-102.707,1.57703,0.401667
3650000,0,-2.93714,-101.601,0.232398,0.374
3655000,1,-6.11609,-103.327,0.676686,0.46
3660000,0,-3.09408,-102.846,0.0972622,0.368
3665000,0,-2.78451,-101.409,0.36761,0.396857
3670000,0,-2.89905,-102.015,0.121096,0.37
3675000,0,-4.14924,-101.501,1.61863,0.412
3680000,0,-2.57304,-100.99,0.130513,0.3975
3685000,0,-2.68505,-101.86,0.423782,0.430167
3690000,0,-2.48328,-100.71,0.059746,0.408067
3695000,0,-2.4319,-101.409,0.257439,0.484
3700000,0,-2.66844,-100.739,0.00669648,0.38
3705000,2,-10.7582,-102.767,1.25849,0.652
3710000,0,-3.58659,-100.718,0.959182,0.315
3715000,1,-7.49464,-101.697,1.22944,0.456
3720000,0,-3.91906,-103.95,1.27404,0.349
3725000,0,-2.57302,-101.146,0.144665,0.415846
3730000,0,-3.26993,-102.063,0.1541,0.474
3735000,0,-5.27646,-101.628,2.33434,0.423615
3740000,0,-2.96804,-101.554,0.657272,0.388867
3745000,4,-23.2309,-103.46,2.43807,0.5005
3750000,0,-2.24364,-102.303,0.0327679,0.401333
3755000,0,-3.02192,-102.89,0.00660003,0.421857
3760000,0,-3.74867,-101.211,1.52888,0.369167
3765000,0,-2.6664,-100.537,0.156108,0.395
3770000,0,-2.75157,-101.95,0.0316327,0.341
3775000,0,-3.08247,-101.363,0.353458,0.343
3780000,0,-3.13003,-101.589,0.175658,0.369
3785000,2,-7.70066,-100.538,0.279296,0.4295
3790000,0,-3.22718,-101.644,0.495883,0.418667
3795000,0,-3.2956,-100.808,1.04355,0.453
3800000,1,-4.61013,-100.833,0.0531736,0.464
3805000,0,-2.49154,-100.115,0.266058,0.344
3810000,0,-3.72578,-101.857,0.994919,0.4145
3815000,0,-2.71859,-100.478,0.309023,0.399
3820000,0,-2.71779,-102.751,0.32094,0.402
3825000,0,-2.60801,-101.365,0.314784,0.398
3830000,0,-2.51302,-102.135,0.163806,0.368333
3835000,0,-3.78558,-104.045,0.00545313,0.378
3840000,0,-2.84408,-100.903,0.378453,0.458
3845000,0,-3.72535,-100.89,1.1401,0.422286
3850000,0,-4.42797,-100.666,2.27106,0.364
3855000,0,-2.52478,-102.223,0.215674,0.358
3860000,1,-6.74701,-102.594,0.754936,0.384824
3865000,0,-3.66825,-101.983,0.707894,0.362333
3870000,0,-3.83148,-100.128,1.57825,0.463
3875000,0,-7.25456,-102.671,3.95256,0.326
3880000,0,-2.58253,-102.161,0.0543321,0.368625
3885000,1,-5.5401,-102.165,0.675647,0.411
3890000,0,-4.0401,-103.43,0.883675,0.298
3895000,0,-3.39344,-101.038,0.738774,0.402
3900000,0,-2.6843,-100.896,0.32256,0.407857
3905000,0,-2.51069,-100.778,0.184968,0.457
3910000,0,-2.28356,-102.267,0.161336,0.383444
3915000,0,-3.01116,-102.555,0.620023,0.420857
3920000,0,-2.44929,-101.638,0.107925,0.437091
3925000,0,-2.64623,-102.209,0.147484,0.428833
3930000,1,-7.1613,-99.887,1.32028,0.426
3935000,0,-2.26391,-100.799,0.018493,0.42075
3940000,0,-2.30648,-101.726,0.124376,0.502
3945000,0,-3.21646,-100.697,0.624349,0.445
3950000,1,-7.41409,-97.6399,1.75109,0.583
3955000,0,-2.72322,-101.692,0.177542,0.355667
3960000,0,-4.27157,-101.781,0.224077,0.365
3965000,1,-6.63955,-101.274,0.578453,0.371
3970000,0,-2.78883,-101.969,0.176169,0.396
3975000,0,-3.63567,-102.454,1.24207,0.376
3980000,0,-3.05367,-102.286,0.338855,0.344
3985000,0,-3.67415,-101.306,0.984026,0.3652
3990000,0,-2.3398,-100.211,0.146806,0.51
3995000,0,-3.56798,-100.982,0.93211,0.439
4000000,0,-4.35365,-103.716,0.787472,0.323
4005000,0,-5.1048,-102.637,1.9483,0.384
4010000,0,-2.9361,-101.515,0.113944,0.409
4015000,0,-4.15698,-103.573,1.85234,0.412667
4020000,0,-3.39017,-100.814,1.2896,0.376
4025000,0,-2.68588,-101.237,0.301692,0.3875
4030000,0,-2.28173,-101.277,0.102529,0.448
4035000,0,-3.00528,-102.135,0.283447,0.47
4040000,1,-12.1343,-97.0785,3.06376,0.544
4045000,0,-2.54438,-100.622,0.305691,0.378571
4050000,0,-4.60263,-104.109,1.2279,0.352833
4055000,0,-3.70953,-104.039,0.170556,0.423333
4060000,0,-2.4834,-101.819,0.0681403,0.379
4065000,0,-3.2767,-102.274,0.0947614,0.383632
4070000,0,-2.94876,-100.949,0.60725,0.409667
4075000,0,-2.2474,-100.843,0.0658433,0.386818
4080000,0,-3.75615,-101.591,1.65827,0.437
4085000,0,-3.05669,-101.041,0.637849,0.39
4090000,0,-2.39605,-103.286,0.158086,0.408
4095000,0,-2.4733,-102.29,0.287759,0.432
4100000,1,-6.94799,-101.29,1.06198,0.392167
4105000,0,-2.61621,-102.064,0.273707,0.3805
4110000,0,-2.53725,-100.211,0.386944,0.452
4115000,0,-2.37433,-102.67,0.0724453,0.439
4120000,0,-3.1416,-101.376,0.295542,0.361
4125000,1,-5.56814,-102.316,0.163439,0.352
4130000,0,-2.40463,-101.435,0.219441,0.395167
4135000,0,-2.74646,-105.095,0.351339,0.410333
4140000,0,-2.6638,-101.553,0.531702,0.408167
4145000,1,-11.1281,-102.172,0.341535,0.41
4150000,1,-8.70586,-101.845,0.442113,0.42
4155000,1,-7.24124,-94.8174,0.669771,0.4852
4160000,0,-2.34041,-101.528,0.00740256,0.363
4165000,0,-2.201,-104.657,0.0725454,0.379
4170000,0,-2.95591,-102.72,0.271235,0.408375
4175000,0,-2.71059,-100.457,0.243553,0.404
4180000,0,-3.45444,-101.235,0.869553,0.384
4185000,0,-3.76622,-102.673,0.958063,0.396867
4190000,0,-2.9119,-101.227,0.334589,0.3675
4195000,0,-2.80021,-102.45,0.128644,0.485
4200000,0,-3.68533,-101.484,1.02075,0.368
4205000,0,-3.08986,-102.264,0.802471,0.333
4210000,0,-2.6616,-100.862,0.383303,0.4218
4215000,0,-4.4867,-103.939,1.42418,0.361
4220000,0,-2.37794,-100.784,0.19455,0.382
4225000,1,-5.68263,-102.585,0.141434,0.41
4230000,1,-8.10495,-103.527,1.28113,0.3825
4235000,0,-3.66639,-102.29,1.20201,0.455
4240000,0,-2.85878,-101.273,0.406547,0.417
4245000,0,-2.71854,-100.77,0.16181,0.431
4250000,0,-3.78529,-101.323,1.14135,0.356
4255000,0,-2.59372,-101.128,0.29138,0.374
4260000,0,-3.17733,-102.642,0.00816989,0.384538
4265000,0,-2.55179,-101.071,0.163965,0.396696
4270000,0,-2.29787,-100.219,0.0389454,0.435364
4275000,0,-3.54783,-102.073,0.0986791,0.384
4280000,0,-2.3615,-101.995,0.134273,0.374
4285000,0,-4.1367,-101.107,0.539418,0.403
4290000,0,-3.23169,-100.421,0.945014,0.382667
4295000,0,-2.97975,-100.501,0.605947,0.361
4300000,0,-2.59149,-100.619,0.152931,0.425667
4305000,0,-2.87785,-100.744,0.280639,0.4036
4310000,1,-6.84683,-103.39,1.01873,0.401
4315000,0,-2.55012,-100.786,0.00147225,0.468
4320000,0,-3.66588,-101.131,1.18552,0.404
4325000,0,-2.63248,-101.259,0.114647,0.356
4330000,0,-2.78873,-100.675,0.458999,0.358
4335000,0,-2.62661,-100.4,0.46591,0.414333
4340000,1,-6.32631,-100.346,0.545745,0.434778
4345000,0,-4.15745,-100.441,1.74282,0.382
4350000,0,-2.932,-100.866,0.791003,0.42
4355000,0,-3.90918,-102.52,1.28407,0.438
4360000,0,-3.46847,-101.429,0.580966,0.395
4365000,0,-2.53127,-103.349,0.108439,0.441
4370000,0,-2.52054,-101.287,0.059485,0.482
4375000,1,-7.52489,-97.0066,0.719348,0.534
4380000,0,-2.67233,-104.219,0.24561,0.436
4385000,0,-2.87274,-103.252,0.291715,0.392
4390000,0,-2.51274,-100.496,0.0073083,0.399
4395000,0,-3.63376,-100.857,1.13695,0.393
4400000,0,-2.95922,-102.723,0.732555,0.378
4405000,0,-4.09673,-102.424,0.690502,0.416
4410000,0,-3.66264,-101.12,1.47356,0.387
4415000,0,-2.67841,-104.85,0.291473,0.386
4420000,0,-2.78801,-101.762,0.204243,0.4074
4425000,0,-2.43989,-103.87,0.0611868,0.4162
4430000,0,-3.35438,-103.065,1.12107,0.353
4435000,0,-3.3025,-102.483,1.02396,0.415727
4440000,1,-6.72969,-101.807,0.982715,0.388
4445000,0,-2.3362,-102.641,0.0790154,0.408
4450000,0,-2.95729,-101.078,0.220391,0.395
4455000,0,-2.72871,-101.04,0.197844,0.37
4460000,0,-3.39481,-101.978,0.691029,0.376222
4465000,0,-4.0117,-103.832,1.68482,0.406
4470000,1,-9.86916,-99.7266,0.422927,0.46125
4475000,0,-3.76236,-101.008,1.34627,0.410333
4480000,0,-3.55983,-103.432,0.252455,0.437667
4485000,0,-3.06544,-102.549,0.12402,0.375
4490000,0,-2.24731,-100.49,0.0972824,0.379222
4495000,0,-2.73679,-102.725,0.175967,0.394333
4500000,0,-2.68954,-101.419,0.462681,0.439
4505000,0,-3.44304,-104.048,0.441179,0.316
4510000,0,-2.49187,-102.128,0.0874278,0.39
4515000,0,-3.0845,-101.32,0.510818,0.477
4520000,0,-2.45704,-100.543,0.0139819,0.39485
4525000,0,-2.75707,-102.388,0.0885049,0.365333
4530000,2,-10.0479,-101.414,2.28243,0.402833
4535000,0,-3.02823,-103.824,0.479846,0.391833
4540000,0,-2.55362,-101.384,0.0629551,0.391
4545000,2,-9.36652,-101.805,1.05051,0.4144
4550000,0,-3.10628,-102.443,0.773072,0.413167
4555000,1,-6.37706,-100.844,1.28037,0.354
4560000,0,-3.21354,-103.009,0.455909,0.389857
4565000,0,-3.14934,-103.647,0.281568,0.386
4570000,0,-2.5355,-101.911,0.368005,0.4125
4575000,0,-2.47066,-101.135,0.270877,0.308
4580000,0,-2.9883,-100.868,0.449879,0.365
4585000,0,-2.49189,-100.564,0.0414162,0.409667
4590000,0,-3.58033,-101.922,0.564148,0.431857
4595000,0,-3.86676,-104.878,0.429645,0.305
4600000,0,-2.60879,-100.905,0.138275,0.389
4605000,0,-2.9307,-102.353,0.465304,0.357
4610000,0,-4.13242,-103.186,0.608149,0.343
4615000,0,-2.37008,-101.152,0.215176,0.396333
4620000,0,-2.30443,-100.703,0.059804,0.419
4625000,0,-3.18781,-102.277,0.149949,0.377
4630000,0,-2.4107,-101.364,0.232348,0.5305
4635000,0,-2.5054,-103.123,0.192691,0.372
4640000,0,-2.53865,-101.65,0.353363,0.419143
4645000,0,-2.20699,-100.981,0.0620368,0.415
4650000,1,-7.71826,-100.83,1.89505,0.544
4655000,0,-2.80664,-102.789,0.337221,0.345
4660000,0,-3.7304,-104.792,0.0155076,0.312
4665000,0,-2.62199,-102.693,0.218885,0.3735
4670000,0,-2.73059,-100.766,0.572966,0.405
4675000,0,-3.11595,-102.369,0.050999,0.4475
4680000,0,-2.72431,-106.847,0.0302797,0.424667
4685000,0,-2.4642,-103.887,0.0520109,0.385
4690000,0,-3.4259,-102.045,0.528385,0.422667
4695000,0,-3.54779,-101.637,0.88539,0.344
4700000,0,-3.26828,-101.671,0.233496,0.355
4705000,0,-4.53345,-102.078,1.71538,0.39
4710000,0,-3.4063,-100.682,0.835559,0.358
4715000,0,-3.55624,-100.649,1.15009,0.39
4720000,0,-3.41132,-101.018,0.00627225,0.439
4725000,0,-3.62711,-102.64,0.411455,0.436667
4730000,0,-2.81128,-100.189,0.550788,0.38
4735000,1,-6.13259,-100.682,1.25759,0.47
4740000,0,-3.04495,-100.628,0.462689,0.3725
4745000,0,-2.51968,-101.646,0.115921,0.396889
4750000,0,-2.35995,-101.965,0.116591,0.416333
4755000,0,-3.15807,-102.172,0.0689374,0.405
4760000,0,-3.27173,-101.543,0.907721,0.396222
4765000,0,-2.35294,-102.662,0.00565871,0.4215
4770000,0,-2.61805,-100.105,0.310848,0.39
4775000,0,-3.08357,-101.911,0.736437,0.42275
4780000,0,-2.94979,-101.804,0.064539,0.39325
4785000,0,-3.00697,-103.989,0.0885374,0.44
4790000,0,-2.91148,-100.773,0.320629,0.3885
4795000,0,-2.41526,-100.466,0.207698,0.437
4800000,0,-2.68244,-100.563,0.112856,0.356
4805000,0,-2.5319,-101.605,0.177488,0.40175
4810000,0,-2.32632,-101.359,0.160291,0.339
4815000,0,-3.11138,-102.778,0.649673,0.315
4820000,0,-2.51554,-100.716,0.216161,0.405
4825000,0,-2.80315,-100.654,0.377789,0.381333
4830000,0,-2.51453,-100.961,0.16069,0.412833
4835000,0,-2.42152,-100.489,0.13762,0.452333
4840000,0,-3.13525,-102.609,0.206344,0.425333
4845000,0,-2.83439,-102.247,0.219855,0.415
4850000,0,-3.64244,-104.666,0.334042,0.388
4855000,0,-2.41833,-100.448,0.243156,0.372
4860000,0,-3.33632,-103.284,0.969911,0.398
4865000,0,-2.83489,-100.971,0.35356,0.358
4870000,0,-2.52245,-101.022,0.0954987,0.3888
4875000,0,-2.57445,-103.864,0.307869,0.454
4880000,1,-6.49829,-100.25,0.445504,0.4118
4885000,0,-3.82381,-101.647,0.977734,0.408
4890000,0,-3.2233,-101.927,0.475277,0.4005
4895000,0,-2.93518,-102.405,0.763248,0.556
4900000,0,-5.9464,-100.634,0.196612,0.412667
4905000,0,-4.91614,-100.968,0.24362,0.372
4910000,0,-3.4059,-100.933,0.96698,0.421
4915000,0,-3.80481,-100.64,1.54597,0.445
4920000,0,-2.46286,-101.48,0.0628005,0.397
4925000,0,-2.48703,-100.74,0.122385,0.447
4930000,0,-2.7194,-100.425,0.282334,0.471
4935000,0,-3.43162,-102.638,0.143687,0.398
4940000,0,-2.57822,-101.695,0.387639,0.428789
4945000,0,-3.38396,-102.331,1.1284,0.394231
4950000,0,-3.0231,-100.2,0.713753,0.358
4955000,1,-9.85692,-102.292,2.02427,0.391
4960000,0,-2.42355,-101.728,0.278685,0.393
4965000,0,-2.53803,-101.678,0.144777,0.453
4970000,0,-3.44061,-102.205,0.454366,0.37025
4975000,0,-3.33507,-103.205,0.283493,0.334
4980000,1,-9.21141,-102.292,1.41122,0.4165
4985000,0,-2.61512,-100.274,0.484201,0.3768
4990000,1,-7.46608,-102.568,0.818194,0.342
4995000,0,-3.66241,-100.766,0.986792,0.418909
5000000,0,-3.87474,-101.583,1.43245,0.414
5005000,0,-2.67033,-100.982,0.0448925,0.390143
5010000,0,-2.8267,-101.368,0.333906,0.411667
5015000,1,-6.77312,-100.809,0.371757,0.409923
5020000,0,-2.78482,-101.902,0.215843,0.369
5025000,1,-7.70698,-103.68,1.31816,0.4342
5030000,0,-3.82592,-103.34,0.213398,0.3175
5035000,0,-2.44574,-102.085,0.139443,0.393
5040000,0,-2.75493,-102.476,0.122574,0.333
5045000,0,-3.43496,-100.705,1.03114,0.405
5050000,0,-3.15772,-101.963,0.274909,0.394
5055000,2,-13.0941,-97.4259,1.8958,0.616
5060000,0,-2.74172,-104.924,0.119046,0.381
5065000,0,-3.65356,-102.827,0.795364,0.39
5070000,0,-3.1939,-101.672,0.171978,0.521
5075000,0,-2.40211,-100.429,0.0745454,0.399286
5080000,0,-3.56806,-102.209,0.540719,0.334
5085000,1,-8.0821,-100.146,0.523336,0.411667
5090000,0,-2.90222,-100.735,0.758362,0.41925
5095000,1,-6.19291,-101.686,0.353251,0.420667
5100000,0,-2.56551,-101.39,0.297754,0.426077
5105000,0,-2.40446,-103.302,0.25342,0.454
5110000,0,-2.55628,-100.869,0.378105,0.409
5115000,1,-6.71348,-100.035,2.29495,0.41265
5120000,0,-2.93947,-101.596,0.733501,0.429667
5125000,1,-9.2262,-101.196,0.583043,0.425
5130000,0,-2.52519,-104.526,0.141242,0.419
5135000,0,-4.58613,-100.442,2.21176,0.375333
5140000,1,-10.0938,-101.783,1.94465,0.450333
5145000,1,-8.95365,-103.01,0.452011,0.412
5150000,1,-6.32343,-103.29,0.560366,0.48
5155000,0,-2.63029,-101.019,0.278148,0.353
5160000,0,-2.53214,-101.294,0.177621,0.431357
5165000,0,-2.81918,-102.065,0.547235,0.4132
5170000,0,-3.35686,-101.756,0.760513,0.407
5175000,1,-6.12872,-104.67,1.57221,0.393143
5180000,0,-3.20654,-100.752,0.21431,0.422
5185000,0,-2.68626,-101.181,0.514455,0.358
5190000,0,-3.21297,-101.508,0.98399,0.416
5195000,1,-8.49351,-101.861,2.31649,0.41
5200000,0,-3.62389,-103.084,1.01199,0.38
5205000,0,-2.98579,-101.158,0.215644,0.424875
5210000,0,-2.94408,-101.06,0.208565,0.417333
5215000,0,-2.74367,-103.18,0.00148224,0.452
5220000,0,-2.73126,-100.395,0.316816,0.426278
5225000,0,-2.82439,-101.025,0.695745,0.42825
5230000,0,-2.76027,-102.37,0.0575869,0.398
5235000,0,-4.17237,-101.133,1.32701,0.518
5240000,0,-2.39932,-101.524,0.153266,0.362
5245000,0,-2.20796,-100.107,0.0310066,0.481333
5250000,1,-5.53573,-101.225,0.570506,0.414
5255000,0,-3.02103,-102.645,0.00876331,0.4326
5260000,0,-2.78311,-100.612,0.456402,0.403
5265000,1,-9.94467,-94.6874,0.95964,0.4351
5270000,0,-5.28562,-100.987,3.072,0.42275
5275000,0,-2.83466,-102.019,0.240725,0.3565
5280000,0,-2.93384,-101.171,0.262728,0.416
5285000,0,-2.74996,-101.304,0.56551,0.503
5290000,1,-6.14753,-101.21,0.286739,0.417
5295000,0,-3.75108,-103.675,0.857969,0.333
5300000,0,-2.83336,-101.708,0.378314,0.354
5305000,0,-2.99202,-101.114,0.707696,0.506
5310000,0,-2.95737,-101.358,0.094142,0.391
5315000,0,-2.91496,-100.923,0.628403,0.435
5320000,3,-16.1334,-103.067,1.99735,0.58
5325000,0,-2.39872,-100.233,0.100797,0.39
5330000,1,-6.07532,-100.228,0.885708,0.406
5335000,0,-3.45809,-100.515,0.964316,0.444
5340000,0,-3.53068,-103.362,0.370643,0.416
5345000,0,-4.70405,-103.782,1.77878,0.4045
5350000,0,-3.13188,-102.386,0.788417,0.3965
5355000,0,-4.12441,-102.527,1.19068,0.365
5360000,0,-3.53469,-103.303,0.405821,0.421
5365000,0,-2.92122,-101.14,0.314686,0.382571
5370000,0,-2.69055,-101.159,0.409824,0.38075
5375000,0,-2.54158,-100.992,0.297379,0.410833
5380000,0,-3.77713,-102.979,0.222606,0.360714
5385000,0,-2.34185,-101.758,0.0874136,0.416
5390000,1,-7.31532,-104.333,0.406931,0.431
5395000,0,-2.79539,-100.553,0.230949,0.425727
5400000,0,-2.98012,-102.312,0.186662,0.551
5405000,0,-3.21718,-100.182,1.08135,0.394
5410000,0,-3.60347,-100.219,1.23499,0.373
5415000,0,-2.8217,-100.352,0.460783,0.45725
5420000,0,-2.17698,-101.084,0.0158777,0.441067
5425000,0,-2.92114,-101.332,0.508723,0.334
5430000,0,-3.89239,-100.886,1.42896,0.4015
5435000,0,-3.27683,-102.626,0.153339,0.354
5440000,0,-2.84855,-101.358,0.153732,0.516
5445000,2,-10.6991,-101.853,2.3166,0.454286
5450000,0,-2.50731,-100.682,0.252074,0.447333
5455000,0,-2.52521,-102.673,0.00325648,0.394222
5460000,0,-2.3454,-100.939,0.0464108,0.37075
5465000,0,-2.2998,-101.441,0.105027,0.5515
5470000,3,-15.5266,-95.5209,1.29507,0.471
5475000,0,-3.28067,-105.883,0.476484,0.3505
5480000,0,-2.83335,-101.881,0.407975,0.403
5485000,0,-2.81034,-101.902,0.512811,0.461
5490000,0,-2.78031,-101.528,0.0139682,0.367
5495000,1,-5.89534,-101.12,0.417505,0.4815
5500000,0,-2.27219,-102.003,0.0654303,0.438
5505000,0,-3.43982,-100.221,1.12034,0.4115
5510000,0,-2.29612,-104.793,0.198738,0.530222
5515000,0,-2.91089,-101.683,0.244579,0.349
5520000,1,-8.97348,-98.0259,1.1579,0.571
5525000,0,-2.94727,-102.496,0.54841,0.4384
5530000,1,-4.81475,-100.486,0.203941,0.468
5535000,0,-2.91758,-102.589,0.0775426,0.431
5540000,0,-2.62439,-102.656,0.339358,0.364
5545000,0,-2.51887,-101.674,0.236593,0.326
5550000,0,-2.84909,-100.902,0.612535,0.3851
5555000,0,-3.25377,-102.856,0.964058,0.425
5560000,0,-4.7614,-105.004,0.574944,0.3752
5565000,0,-2.93981,-104.264,0.283847,0.414
5570000,0,-2.32379,-101.758,0.197337,0.379
5575000,0,-2.45212,-100.659,0.150885,0.393
5580000,0,-2.6658,-101.829,0.0745014,0.44
5585000,0,-3.43415,-100.518,0.978305,0.397
5590000,0,-2.90828,-101.136,0.180737,0.4068
5595000,1,-5.33565,-103.352,0.498885,0.405091
5600000,0,-2.48759,-100.405,0.0904526,0.413
5605000,0,-2.58045,-100.722,0.0711291,0.358
5610000,0,-2.35637,-101.052,0.0527281,0.517
5615000,0,-2.78612,-104.392,0.271521,0.389
5620000,0,-3.31551,-101.687,0.293233,0.3735
5625000,0,-3.16981,-101.269,1.04309,0.369
5630000,0,-2.8963,-101.127,0.33903,0.392
5635000,0,-3.10584,-101.41,0.385922,0.4118
5640000,0,-2.76346,-100.524,0.245153,0.41
5645000,0,-2.14573,-101.239,0.0593569,0.3575
5650000,0,-3.26676,-101.397,0.156239,0.42425
5655000,0,-3.69256,-101.578,1.29637,0.3755
5660000,0,-2.66937,-100.644,0.506079,0.393
5665000,0,-4.83267,-100.991,2.16584,0.418
5670000,0,-2.92311,-101.313,0.744493,0.408667
5675000,0,-2.53973,-100.638,0.117869,0.4435
5680000,0,-2.51747,-101.404,0.0607767,0.357
5685000,1,-6.0892,-101.415,0.160981,0.428
5690000,0,-4.38824,-104.905,1.09016,0.4176
5695000,0,-2.58544,-103.19,0.336222,0.4
5700000,0,-2.89896,-102.693,0.113107,0.437
5705000,0,-3.63508,-100.524,1.32082,0.4235
5710000,0,-3.00482,-103.069,0.131261,0.433
5715000,0,-3.28536,-102.21,0.0900615,0.362667
5720000,0,-2.64214,-100.905,0.531919,0.497
5725000,0,-3.68476,-103.482,0.555031,0.389
5730000,0,-2.93968,-100.694,0.746247,0.363
5735000,0,-2.91988,-100.758,0.774755,0.425
5740000,0,-3.16428,-100.994,0.442625,0.349
5745000,0,-3.06593,-105.722,0.282789,0.349
5750000,0,-2.85062,-101.366,0.256176,0.4
5755000,0,-2.13469,-100.644,0.0080042,0.409325
5760000,0,-3.73679,-102.404,1.38764,0.381
5765000,0,-2.78346,-100.614,0.206993,0.403
5770000,0,-2.7126,-101.767,0.365633,0.413
5775000,0,-5.29647,-101.494,2.69375,0.387143
5780000,0,-3.76572,-102.426,1.31796,0.447
5785000,0,-2.50679,-102.228,0.059869,0.418
5790000,0,-2.403,-102.246,0.137571,0.465143
5795000,0,-2.67559,-101.128,0.516256,0.38
5800000,0,-3.16812,-101.419,0.102369,0.335
5805000,0,-3.59533,-101.182,1.2147,0.355
5810000,0,-3.65901,-101.43,0.865303,0.418
5815000,0,-2.34866,-101.256,0.0496619,0.405
5820000,0,-2.31581,-100.413,0.0415581,0.408333
5825000,0,-2.65747,-100.841,0.39604,0.399478
5830000,1,-8.3181,-97.5232,0.799631,0.407756
5835000,1,-5.50149,-102.735,0.351831,0.47
5840000,0,-2.37329,-101.615,0.189298,0.383
5845000,0,-4.0645,-100.824,1.80124,0.379
5850000,3,-13.3044,-101.111,0.7287,0.527
5855000,0,-3.75521,-100.323,1.48269,0.419292
5860000,0,-3.13534,-103.444,0.0221519,0.373286
5865000,0,-2.42386,-100.487,0.235158,0.369
5870000,0,-2.81688,-101.92,0.299109,0.422
5875000,0,-3.13633,-101.118,0.899179,0.447
5880000,0,-2.68504,-101.097,0.0477369,0.4278
5885000,0,-3.94678,-100.7,1.39848,0.436
5890000,0,-2.34649,-101.57,0.265736,0.383
5895000,1,-9.00675,-102.287,0.434823,0.597
5900000,1,-6.60659,-97.2561,0.51897,0.5865
5905000,0,-2.78208,-102.851,0.528954,0.443167
5910000,0,-2.52809,-101.2,0.0904753,0.362
5915000,0,-2.84824,-103.348,0.0927792,0.405
5920000,0,-3.0116,-100.451,0.885857,0.425
5925000,0,-2.35811,-101.078,0.17227,0.344
5930000,0,-2.68892,-102.893,0.258232,0.431
5935000,1,-7.17472,-101.576,0.223237,0.415
5940000,0,-2.19103,-100.462,0.00810691,0.392182
5945000,0,-2.58522,-102.899,0.2752,0.394333
5950000,0,-2.12061,-100.339,0.00337249,0.548
5955000,0,-3.13959,-102.184,0.661462,0.384
5960000,0,-2.46414,-102.515,0.208438,0.4015
5965000,0,-3.33586,-101.521,0.815475,0.3455
5970000,0,-2.99112,-102.087,0.0528214,0.364
5975000,0,-3.27166,-100.142,1.08026,0.434
5980000,1,-7.92651,-101.376,2.36463,0.508
5985000,0,-2.597,-103.289,0.17644,0.469
5990000,0,-2.93988,-101.586,0.137626,0.421
5995000,0,-3.65708,-103.551,1.22236,0.3995
6000000,0,-3.82982,-100.149,1.50781,0.46
6005000,0,-2.48155,-101.015,0.178253,0.528
6010000,0,-4.45691,-101.918,1.69637,0.459333
6015000,0,-4.07882,-105.034,0.263164,0.296
6020000,0,-2.24061,-101.281,0.0212195,0.378
6025000,0,-3.00688,-101.63,0.0231863,0.338
6030000,0,-3.30927,-102.227,0.143769,0.386
6035000,0,-4.49922,-102.749,2.24443,0.403286
6040000,0,-3.06549,-101.832,0.426249,0.361
6045000,0,-2.7101,-100.938,0.0523733,0.375
6050000,0,-2.83281,-101.189,0.0424507,0.42
6055000,0,-2.80726,-101.751,0.194963,0.339
6060000,0,-2.28575,-101.511,0.104509,0.380889
6065000,0,-2.56973,-102.971,0.360832,0.366
6070000,0,-2.86379,-104.254,0.550548,0.383
6075000,0,-2.69374,-102.47,0.403909,0.418
6080000,1,-5.70328,-102.014,0.965055,0.401222
6085000,0,-2.69718,-101.139,0.030087,0.339
6090000,0,-3.05479,-102.448,0.254233,0.384
6095000,0,-2.51529,-100.267,0.0921323,0.391
6100000,0,-2.32934,-101.178,0.0539116,0.493
6105000,0,-2.58878,-100.289,0.252513,0.4141
6110000,0,-2.17877,-102.064,0.00181255,0.328
6115000,0,-2.67911,-100.751,0.378492,0.391
6120000,1,-8.13195,-100.103,0.93335,0.539
6125000,1,-6.1876,-101.891,0.626322,0.463
6130000,0,-2.50437,-100.603,0.336299,0.375
6135000,0,-3.34161,-100.873,0.628754,0.434692
6140000,0,-2.62195,-100.443,0.363615,0.423
6145000,0,-2.82484,-101.497,0.604731,0.432
6150000,0,-2.67725,-101.824,0.0578945,0.441
6155000,0,-2.36135,-100.434,0.0149504,0.4446
6160000,0,-3.10248,-102.704,0.589847,0.415917
6165000,0,-3.35926,-102.495,0.539446,0.3715
6170000,0,-4.13466,-104.289,0.403879,0.372
6175000,0,-2.93625,-100.856,0.352307,0.447
6180000,0,-3.13729,-102.48,0.877958,0.457667
6185000,0,-2.9424,-101.851,0.192654,0.472
6190000,0,-2.27871,-101.244,0.0337788,0.494
6195000,0,-2.83666,-101.617,0.294738,0.402
6200000,1,-6.32879,-100.996,1.54937,0.434944
6205000,0,-2.76747,-101.494,0.232641,0.38125
6210000,1,-5.81031,-100.631,1.07517,0.374667
6215000,0,-2.56784,-100.921,0.332361,0.448625
6220000,0,-3.12177,-102.285,0.0792494,0.3954
6225000,0,-3.04914,-104.759,0.461998,0.3715
6230000,0,-2.83454,-103.954,0.360256,0.372833
6235000,0,-3.37747,-102.888,0.567767,0.433
6240000,0,-2.55206,-104.592,0.0438645,0.297
6245000,0,-2.8843,-102.011,0.496658,0.394733
6250000,0,-3.11757,-102.429,0.2318,0.361
6255000,0,-2.26906,-100.266,0.140021,0.395727
6260000,0,-3.50133,-103.344,0.337114,0.33
6265000,0,-2.24475,-102.832,0.0223666,0.436
6270000,0,-2.60435,-103.079,0.172412,0.359
6275000,0,-2.59583,-100.933,0.29489,0.357
6280000,1,-5.95154,-100.216,0.525573,0.3843
6285000,1,-9.26351,-102.416,2.26514,0.396
6290000,0,-3.85357,-100.808,1.17911,0.384286
6295000,0,-2.36103,-104.238,0.0158865,0.446
6300000,0,-2.85362,-100.431,0.493708,0.396
6305000,0,-3.99861,-102.263,0.716405,0.416308
6310000,0,-2.69274,-100.715,0.406129,0.402
6315000,1,-10.4353,-103.475,1.1283,0.396
6320000,0,-2.93366,-101.614,0.276371,0.3735
6325000,0,-2.91843,-102.198,0.486526,0.426
6330000,0,-2.91212,-100.442,0.707941,0.475
6335000,0,-2.69351,-100.938,0.311631,0.415333
6340000,0,-3.1061,-100.504,0.831571,0.444
6345000,0,-2.69568,-104.071,0.342308,0.487
6350000,0,-4.95098,-102.281,0.450231,0.3975
6355000,1,-7.17692,-100.986,1.09151,0.411
6360000,0,-2.84105,-102.291,0.424536,0.59
6365000,0,-2.22748,-101.792,0.0284568,0.403
6370000,0,-2.80255,-103.24,0.120971,0.422667
6375000,0,-2.79956,-101.222,0.0628875,0.387
6380000,0,-3.04511,-101.999,0.045538,0.353
6385000,2,-10.1337,-100.682,1.14874,0.529
6390000,0,-2.46732,-101.617,0.288722,0.42025
6395000,0,-2.86292,-102.53,0.1796,0.372
6400000,1,-8.29731,-100.538,1.58432,0.3195
6405000,0,-4.02055,-104.273,0.0352429,0.309
6410000,0,-2.33361,-100.529,0.10518,0.362
6415000,0,-2.60749,-102.143,0.327696,0.527
6420000,1,-7.00937,-102.101,1.08431,0.397231
6425000,0,-3.01435,-100.622,0.448598,0.358667
6430000,1,-9.47058,-100.629,0.981721,0.47
6435000,0,-2.61264,-101.618,0.481908,0.426571
6440000,0,-2.90701,-100.924,0.672312,0.3918
6445000,0,-3.54395,-100.419,1.36605,0.408
6450000,1,-8.01971,-104.694,1.05597,0.499
6455000,0,-2.34577,-101.395,0.17742,0.461
6460000,1,-5.98152,-100.89,1.56107,0.4385
6465000,0,-3.51879,-101.822,1.28374,0.51
6470000,0,-2.96504,-101.978,0.734931,0.411
6475000,0,-3.12675,-102.807,0.0364128,0.381
6480000,0,-3.25243,-101.058,0.904137,0.411375
6485000,0,-3.13007,-102.338,0.0173471,0.399
6490000,1,-6.42286,-99.8879,0.806523,0.381769
6495000,0,-5.07801,-101.329,1.3861,0.384571
6500000,0,-2.73492,-102.447,0.0209421,0.415
6505000,0,-2.60571,-101.019,0.144055,0.481
6510000,0,-3.22998,-102.455,0.0024603,0.433
6515000,1,-6.12903,-103.865,0.625675,0.434
6520000,1,-7.22324,-93.8918,0.887123,0.569
6525000,0,-4.88905,-101.326,2.59248,0.406
6530000,1,-7.45777,-101.628,0.6025,0.332
6535000,0,-5.82558,-103.442,2.16847,0.378
6540000,0,-6.11483,-100.624,0.1277,0.437
6545000,0,-2.70448,-101.773,0.49149,0.41615
6550000,0,-2.66843,-102.568,0.173951,0.348
6555000,0,-2.49444,-101.759,0.0286581,0.349
6560000,0,-2.83065,-101.455,0.162999,0.4295
6565000,0,-3.97789,-103.253,0.314486,0.377
6570000,0,-2.86007,-102.318,0.485687,0.478
6575000,0,-2.45657,-100.497,0.0257279,0.41
6580000,0,-3.304,-103.237,0.140295,0.547
6585000,2,-12.6556,-102,0.930242,0.476333
6590000,0,-3.84499,-100.771,1.64891,0.374
6595000,0,-4.50604,-103.967,0.650426,0.473
6600000,0,-3.35778,-100.987,0.723795,0.389111
6605000,0,-2.14296,-104.821,0.0219659,0.381
6610000,0,-4.75265,-103.235,1.15658,0.392118
6615000,0,-2.84481,-101.668,0.511072,0.397333
6620000,0,-6.63991,-101.961,3.94729,0.363667
6625000,0,-4.18384,-101.844,1.36464,0.436125
6630000,0,-2.63446,-102.694,0.426428,0.41
6635000,0,-2.81388,-100.95,0.432614,0.469
6640000,0,-3.16301,-102.506,0.173422,0.381
6645000,0,-3.55751,-100.56,1.27199,0.497
6650000,0,-3.9447,-102.159,0.805135,0.3895
6655000,0,-3.14931,-100.595,0.66603,0.428333
6660000,0,-2.65819,-100.615,0.306126,0.5005
6665000,0,-3.20929,-105.573,0.798239,0.44325
6670000,0,-2.28832,-101.033,0.0862354,0.364
6675000,0,-3.56611,-102.749,0.561755,0.384
6680000,0,-2.63864,-102.508,0.0384662,0.366
6685000,0,-4.96007,-103.319,1.54162,0.406929
6690000,0,-2.47999,-101.704,0.0889716,0.377
6695000,1,-8.57867,-101.945,1.11292,0.4
6700000,0,-4.45437,-103.493,0.699841,0.326
6705000,0,-3.41499,-101.144,1.2774,0.393333
6710000,0,-2.37918,-101.603,0.196341,0.454
6715000,1,-6.50396,-95.7698,0.74713,0.562
6720000,0,-2.89769,-101.429,0.50622,0.335
6725000,0,-2.40757,-100.316,0.206876,0.399
6730000,0,-3.22764,-101.029,0.775673,0.3776
6735000,0,-3.13327,-101.679,0.482586,0.398
6740000,0,-2.97086,-101.881,0.785233,0.4174
6745000,1,-6.52881,-95.8952,0.536147,0.5275
6750000,0,-2.99795,-101.874,0.854767,0.398444
6755000,0,-2.7742,-104.087,0.231691,0.412714
6760000,0,-4.03938,-102.469,0.780932,0.400667
6765000,0,-3.13908,-102.671,0.230111,0.395
6770000,0,-3.00203,-100.79,0.583389,0.439095
6775000,0,-3.20296,-100.849,0.736495,0.43225
6780000,0,-2.28861,-100.831,0.147708,0.415
6785000,0,-2.32177,-100.225,0.134281,0.452
6790000,0,-2.47635,-100.845,0.0935079,0.39175
6795000,0,-2.62797,-100.626,0.389942,0.396
6800000,0,-4.2434,-104.447,0.687851,0.429
6805000,0,-3.58793,-101.619,0.605637,0.403222
6810000,0,-2.50556,-100.959,0.0569105,0.413
6815000,0,-2.59609,-101.29,0.0782471,0.331
6820000,0,-3.03679,-101.11,0.0568968,0.435
6825000,0,-2.48868,-101.713,0.152524,0.374
6830000,0,-2.88519,-101.343,0.568483,0.457667
6835000,0,-2.68603,-101.584,0.182148,0.420917
6840000,1,-7.47124,-100.611,0.565178,0.387
6845000,0,-3.03202,-101.02,0.785975,0.407
6850000,0,-3.62664,-101.643,0.943349,0.4011
6855000,0,-3.23629,-101.69,0.364065,0.4205
6860000,0,-2.62421,-101.268,0.0352019,0.382333
6865000,0,-3.85812,-102.127,0.846579,0.389
6870000,0,-2.73702,-100.103,0.508393,0.305
6875000,0,-3.29508,-101.664,0.469387,0.377
6880000,0,-2.57211,-103.023,0.240815,0.377
6885000,1,-5.33681,-99.4803,0.204972,0.475
6890000,1,-6.6249,-101.662,0.359598,0.41725
6895000,0,-3.42756,-100.346,0.998097,0.449
6900000,0,-2.34345,-100.868,0.0803599,0.365
6905000,0,-3.47734,-102.166,1.23413,0.432
6910000,0,-2.80288,-100.77,0.42743,0.388
6915000,0,-3.42073,-101.262,0.605244,0.4112
6920000,0,-3.61433,-101.332,1.04125,0.393
6925000,0,-2.95523,-101.049,0.475675,0.407
6930000,1,-4.95463,-103.522,0.450946,0.429375
6935000,0,-2.83828,-100.743,0.427316,0.4405
6940000,0,-3.88709,-102.842,0.47252,0.391444
6945000,0,-2.70163,-102.428,0.341801,0.377
6950000,0,-3.72101,-100.716,0.0490276,0.411313
6955000,0,-2.88455,-104.039,0.0533234,0.345
6960000,0,-2.56072,-100.516,0.110249,0.438
6965000,1,-5.95208,-102.053,0.12721,0.426385
6970000,1,-9.21132,-101.631,1.18062,0.409
6975000,0,-2.71549,-101.502,0.00499649,0.538
6980000,0,-3.67173,-100.646,1.57272,0.424846
6985000,0,-2.91493,-102.112,0.585866,0.488
6990000,0,-3.0826,-100.916,0.698032,0.44
6995000,1,-9.82633,-104.801,3.09159,0.444333
7000000,0,-3.32094,-101.361,0.678382,0.454
7005000,1,-7.26557,-102.351,1.156,0.462
7010000,0,-2.98667,-103.479,0.929704,0.376
7015000,0,-3.20792,-101.473,1.085,0.414
7020000,1,-6.5884,-106.056,0.60095,0.393
7025000,0,-2.55534,-100.788,0.199988,0.381111
7030000,0,-3.85732,-101.427,0.25015,0.409
7035000,0,-3.59053,-103.063,0.849801,0.397417
7040000,0,-2.39055,-100.601,0.0259941,0.43
7045000,0,-3.5275,-106.789,0.0139823,0.338
7050000,0,-2.24119,-100.233,0.0571302,0.486667
7055000,0,-3.0657,-101.708,0.860833,0.498
7060000,0,-3.25709,-100.457,1.06736,0.3735
7065000,0,-2.90611,-100.834,0.608968,0.402
7070000,0,-3.48072,-105.833,0.617108,0.409
7075000,0,-3.37756,-102.562,0.535875,0.4025
7080000,3,-21.1634,-102.364,2.1405,0.393
7085000,1,-6.46783,-102.377,0.582741,0.392
7090000,0,-2.41807,-102.508,0.0982521,0.318
7095000,0,-2.8972,-103.817,0.502807,0.405
7100000,0,-3.52382,-102.26,0.947434,0.365667
7105000,0,-4.10999,-100.051,1.90053,0.444
7110000,0,-3.54251,-102.46,0.223734,0.315
7115000,0,-4.8828,-102.288,1.60947,0.402222
7120000,1,-6.75061,-101.257,0.306391,0.38
7125000,0,-2.56918,-102.018,0.381772,0.445
7130000,0,-2.94178,-101.438,0.368509,0.418
7135000,0,-4.83938,-103.597,1.57451,0.455
7140000,0,-3.17599,-101.937,0.840423,0.46
7145000,0,-2.30902,-101.844,0.223627,0.378
7150000,0,-3.69299,-100.72,1.56922,0.4314
7155000,0,-2.88727,-101.685,0.102674,0.349
7160000,2,-12.4982,-96.9171,1.3793,0.4131
7165000,0,-3.09018,-100.384,0.805251,0.374
7170000,1,-5.09647,-101.148,0.870148,0.572
7175000,0,-2.71714,-100.419,0.314325,0.433267
7180000,0,-3.21702,-101.531,0.950861,0.356
7185000,0,-3.36557,-101.772,0.704297,0.38375
7190000,0,-2.79284,-101.405,0.183022,0.384
7195000,0,-3.373,-101.356,0.827908,0.324
7200000,0,-3.44686,-100.619,0.989632,0.425
7205000,0,-2.75857,-101.324,0.531564,0.406
7210000,0,-2.80749,-100.957,0.0569498,0.4143
7215000,0,-2.95688,-104.358,0.647225,0.463
7220000,0,-4.10005,-106.371,1.75817,0.4265
7225000,0,-2.76649,-100.883,0.146433,0.419167
7230000,0,-3.66233,-100.159,1.41947,0.3825
7235000,0,-4.33968,-103.472,0.651136,0.378667
7240000,0,-3.14985,-100.99,0.719961,0.442
7245000,0,-2.68741,-101.256,0.0975782,0.348
7250000,0,-3.10353,-103.826,0.634063,0.384222
7255000,0,-3.26977,-101.305,0.75808,0.464
7260000,0,-3.42736,-101.888,0.824135,0.414
7265000,0,-3.72583,-102.161,0.703826,0.391
7270000,0,-2.50992,-100.327,0.151069,0.392714
7275000,0,-2.9533,-100.924,0.549101,0.421
7280000,1,-7.53107,-101.123,1.04993,0.416
7285000,0,-2.87082,-100.786,0.232577,0.358
7290000,0,-2.27638,-101.1,0.0181069,0.394667
7295000,0,-2.17761,-101.415,0.00806862,0.4315
7300000,0,-2.64331,-101.767,0.346968,0.492
7305000,0,-2.56222,-101.646,0.225806,0.542
7310000,0,-4.83445,-101.216,1.35716,0.39
7315000,0,-2.72604,-102.09,0.0943031,0.369
7320000,0,-2.78772,-101.11,0.28198,0.41525
7325000,0,-4.27797,-102.787,1.61916,0.431
7330000,0,-2.63087,-103.364,0.245104,0.4016
7335000,0,-3.1145,-101.744,0.968282,0.424
7340000,0,-2.22651,-101.548,0.0119283,0.409
7345000,0,-2.87766,-102.693,0.147258,0.431333
7350000,0,-2.68725,-100.68,0.600359,0.403364
7355000,0,-3.95374,-101.182,1.20524,0.398
7360000,0,-3.89465,-103.927,0.0614193,0.3628
7365000,1,-9.89083,-101.265,0.848516,0.41
7370000,0,-2.95192,-101.806,0.371769,0.443
7375000,0,-2.30272,-102.368,0.0275404,0.412
7380000,0,-3.71047,-102.27,0.613808,0.475
7385000,0,-3.17695,-101.663,0.236739,0.361
7390000,0,-3.72761,-102.698,0.903945,0.433
7395000,0,-3.34588,-103.63,0.909456,0.422
7400000,0,-2.6659,-100.48,0.310668,0.422
7405000,0,-4.88665,-103.089,1.18184,0.444
7410000,1,-6.53816,-99.0678,1.66659,0.399
7415000,0,-2.59213,-101.259,0.351387,0.434
7420000,0,-2.73031,-101.31,0.0345924,0.3998
7425000,0,-2.51656,-100.532,0.261687,0.357
7430000,1,-8.31315,-101.883,1.04776,0.381
7435000,0,-3.56197,-100.241,1.4162,0.439
7440000,0,-2.33293,-100.12,0.210574,0.407
7445000,0,-2.50574,-100.907,0.117817,0.361
7450000,0,-2.72939,-100.659,0.361498,0.461
7455000,0,-3.5427,-102.984,0.570963,0.3985
7460000,1,-8.51358,-106.377,1.69852,0.475
7465000,0,-3.31351,-102.337,0.84373,0.396
7470000,0,-2.46271,-102.022,0.0374859,0.396562
7475000,0,-2.35492,-100.684,0.227193,0.553
7480000,2,-9.66366,-98.443,1.00118,0.405917
7485000,0,-2.65339,-100.505,0.27979,0.399
7490000,0,-3.83153,-101.391,0.912369,0.447364
7495000,1,-9.04832,-103.653,1.50667,0.461
7500000,0,-3.89999,-104.49,0.561742,0.408
7505000,0,-2.74557,-100.399,0.492794,0.41
7510000,0,-2.75119,-100.721,0.329207,0.459
7515000,0,-2.55282,-101.401,0.345758,0.363
7520000,0,-2.2631,-100.715,0.133604,0.36
7525000,1,-6.64656,-101.732,0.78649,0.4026
7530000,1,-9.09216,-105.795,1.41637,0.407
7535000,0,-2.84377,-102.246,0.57929,0.405
7540000,0,-2.81598,-102.033,0.226562,0.3975
7545000,0,-2.97973,-100.656,0.716692,0.366
7550000,1,-9.83145,-105.794,0.183129,0.416826
7555000,0,-3.2717,-103.321,0.177101,0.435
7560000,0,-4.25593,-103.456,1.22073,0.422
7565000,2,-13.6861,-103.099,1.63076,0.519
7570000,1,-9.46479,-101.073,1.43649,0.448
7575000,0,-2.7797,-102.304,0.54335,0.399667
7580000,0,-2.68186,-102.72,0.445296,0.366
7585000,0,-2.40915,-101.22,0.0460345,0.36
7590000,0,-3.28149,-102.316,0.288728,0.369
7595000,1,-8.89237,-104.324,0.228846,0.404625
7600000,0,-2.44134,-101.551,0.17558,0.38
7605000,0,-3.62764,-100.837,0.9769,0.366
7610000,0,-2.74591,-102.794,0.0706303,0.463
7615000,0,-4.69302,-102.318,1.38113,0.376
7620000,0,-2.41146,-101.951,0.0715298,0.334
7625000,0,-2.51713,-100.324,0.206903,0.410222
7630000,0,-3.39966,-101.631,0.918071,0.4025
7635000,0,-6.98401,-105.069,0.0548937,0.441
7640000,0,-3.45511,-102.009,0.824003,0.362
7645000,0,-2.71434,-101.137,0.106691,0.390286
7650000,0,-3.22095,-101.909,0.758923,0.466
7655000,0,-4.6569,-104.006,1.46251,0.38
7660000,1,-6.38254,-100.967,1.53427,0.544
7665000,0,-2.58841,-101.204,0.0642847,0.373667
7670000,0,-2.61487,-101.49,0.238715,0.382
7675000,0,-2.57255,-101.222,0.238119,0.433842
7680000,0,-2.28484,-100.404,0.00314226,0.381714
7685000,0,-2.64766,-100.772,0.121788,0.383
7690000,0,-3.37508,-101.176,0.00743239,0.376
7695000,0,-3.40278,-100.641,1.26674,0.412
7700000,0,-3.40783,-101.911,0.370246,0.443429
7705000,1,-7.12257,-97.38,1.56786,0.4425
7710000,2,-12.1385,-99.876,1.93623,0.481667
7715000,0,-2.80869,-104.833,0.32465,0.502833
7720000,0,-3.26293,-100.175,1.06926,0.423667
7725000,1,-6.80122,-102.402,1.73051,0.436
7730000,0,-3.95214,-101.526,1.04272,0.34
7735000,0,-3.15818,-101.797,0.179952,0.355
7740000,0,-3.325,-102.64,0.423974,0.38
7745000,1,-5.92551,-101.579,0.340414,0.445
7750000,0,-3.54906,-100.9,0.973066,0.426333
7755000,0,-3.48753,-100.837,0.8264,0.35
7760000,0,-2.48672,-100.914,0.0765592,0.414143
7765000,0,-2.86411,-104.348,0.0441365,0.3941
7770000,0,-2.80021,-101.235,0.0782669,0.38
7775000,0,-3.17057,-109.475,0.122426,0.3684
7780000,3,-19.1,-103.526,3.29271,0.413167
7785000,0,-3.01521,-101.265,0.850648,0.452
7790000,0,-2.76547,-100.797,0.125944,0.481
7795000,0,-4.23255,-103.765,1.29724,0.446
7800000,1,-6.56367,-101.675,0.986997,0.391667
7805000,0,-2.72847,-100.402,0.232694,0.4
7810000,0,-3.25242,-102.018,0.373056,0.365
7815000,0,-2.85479,-101.651,0.127743,0.376
7820000,1,-10.842,-104.408,1.77168,0.495
7825000,0,-3.35653,-100.26,1.08002,0.432667
7830000,0,-2.95884,-103.49,0.131673,0.379
7835000,0,-2.56014,-102.213,0.0108681,0.471
7840000,0,-3.85059,-100.732,1.33962,0.354333
7845000,1,-11.2585,-103.582,1.5847,0.356
7850000,1,-7.7149,-102.236,0.677085,0.403
7855000,0,-2.33373,-101.794,0.142287,0.382
7860000,0,-2.78343,-100.779,0.35596,0.357
7865000,0,-2.74126,-103.465,0.0976546,0.4
7870000,0,-2.42892,-101.419,0.0374936,0.4012
7875000,0,-3.54942,-100.511,0.99692,0.575
7880000,0,-2.67849,-102.868,0.329118,0.3905
7885000,0,-2.23045,-100.633,0.0915191,0.399846
7890000,0,-2.52883,-102.085,0.00127527,0.41
7895000,0,-3.13946,-100.599,0.664383,0.41935
7900000,0,-4.37724,-105.109,1.13327,0.363
7905000,0,-4.57994,-107.07,0.429889,0.288
7910000,0,-3.95245,-102.965,0.819704,0.312
7915000,0,-2.30564,-100.269,0.0556136,0.37
7920000,0,-2.47048,-101.919,0.084908,0.379625
7925000,0,-3.08708,-101.663,0.851094,0.388273
7930000,0,-2.33969,-100.455,0.124246,0.429167
7935000,0,-3.81793,-102.082,0.890689,0.416667
7940000,1,-9.67414,-100.84,4.89956,0.423857
7945000,0,-2.50792,-103.524,0.317223,0.397182
7950000,0,-2.64059,-100.418,0.135044,0.3785
7955000,0,-4.29367,-102.056,2.12497,0.371
7960000,0,-2.68481,-100.844,0.086277,0.391
7965000,1,-9.12456,-103.869,0.769776,0.504
7970000,0,-3.70062,-103.813,1.20739,0.3878
7975000,0,-3.28786,-102.366,0.0737502,0.36675
7980000,0,-2.55366,-100.709,0.272889,0.521
7985000,0,-3.73395,-102.31,0.631002,0.416636
7990000,0,-3.2629,-102.337,0.199831,0.4205
7995000,0,-2.77205,-101.661,0.531177,0.414
8000000,0,-2.85422,-101.241,0.0193066,0.356
8005000,0,-2.36079,-102.279,0.025585,0.41
8010000,0,-2.74601,-100.857,0.073597,0.374
8015000,0,-3.15858,-104.079,0.830959,0.384
8020000,1,-6.28801,-101.775,0.851021,0.436333
8025000,0,-2.5126,-102.612,0.342965,0.475
8030000,0,-3.25433,-100.503,1.02648,0.373
8035000,0,-3.94786,-101.075,0.728084,0.414
8040000,1,-8.08239,-102.508,0.363134,0.410533
8045000,1,-5.68982,-101.293,0.700519,0.397
8050000,0,-2.29045,-100.324,0.169852,0.45
8055000,2,-8.47821,-98.9431,1.06379,0.41825
8060000,0,-3.151,-102.094,0.855142,0.439625
8065000,0,-2.29722,-102.517,0.0714589,0.464
8070000,1,-7.09383,-101.523,1.8766,0.422333
8075000,0,-2.7508,-101.577,0.0447605,0.371
8080000,0,-2.34795,-100.844,0.0188057,0.428
8085000,0,-5.01584,-104.885,1.18269,0.409875
8090000,0,-2.89612,-102.853,0.223498,0.54
8095000,0,-2.56086,-101.5,0.36256,0.454
8100000,0,-2.77666,-101.949,0.391319,0.3895
8105000,0,-3.48955,-103.211,0.522194,0.34
8110000,0,-2.4371,-100.273,0.0886888,0.387143
8115000,0,-2.7275,-101.419,0.299872,0.389667
8120000,0,-3.90846,-101.389,1.4159,0.3535
8125000,0,-2.63807,-102.836,0.334249,0.415
8130000,0,-3.70822,-102.262,1.03773,0.449667
8135000,0,-3.37522,-104.161,0.817435,0.3756
8140000,0,-2.42354,-105.413,0.0737552,0.566
8145000,0,-2.5184,-100.631,0.31583,0.395
8150000,0,-2.36065,-101.798,0.165921,0.401
8155000,0,-2.26674,-102.76,0.172371,0.411294
8160000,0,-2.95542,-100.57,0.389867,0.436
8165000,0,-2.18957,-101.202,0.106137,0.407
8170000,0,-3.11671,-102.625,0.121895,0.388
8175000,0,-2.56226,-100.446,0.241806,0.418714
8180000,0,-2.87418,-100.203,0.668053,0.372
8185000,0,-2.83639,-101.252,0.68413,0.402
8190000,0,-3.51991,-102.108,0.385355,0.430333
8195000,0,-2.60964,-101.343,0.217118,0.317
8200000,0,-2.67122,-100.69,0.224782,0.356
8205000,0,-4.45822,-102.816,1.45811,0.351
8210000,0,-2.5567,-100.893,0.110711,0.393
8215000,0,-2.31719,-101.289,0.0224554,0.4456
8220000,1,-7.4741,-102.586,0.9859,0.393111
8225000,0,-3.82497,-101.198,1.49286,0.337
8230000,0,-3.45871,-101.874,0.551454,0.407
8235000,0,-2.3069,-101.726,0.0994434,0.378
8240000,1,-4.81392,-100.628,0.0928005,0.418
8245000,0,-3.14692,-103.012,0.0265719,0.377
8250000,0,-3.1735,-100.183,0.807526,0.393
8255000,0,-4.06178,-103.152,0.41314,0.392
8260000,1,-7.66783,-101.267,0.92195,0.477
8265000,0,-3.17453,-101.73,0.526439,0.4254
8270000,0,-4.06631,-101.131,0.370882,0.418
8275000,0,-3.52068,-100.081,1.27445,0.429
8280000,1,-4.91058,-100.934,0.0939461,0.385
8285000,0,-2.24717,-101.014,0.137024,0.433
8290000,0,-3.26541,-102.666,0.494387,0.377
8295000,0,-2.85108,-102.575,0.0700025,0.333
8300000,0,-2.906,-101.411,0.783582,0.364333
8305000,0,-2.43225,-101.916,0.037488,0.44475
8310000,2,-11.1872,-97.6069,3.14254,0.429806
8315000,1,-6.37729,-100.638,0.436921,0.456
8320000,1,-11.7104,-101.555,0.144164,0.4264
8325000,0,-3.30241,-102.466,0.929179,0.4098
8330000,0,-2.4626,-100.59,0.167269,0.514
8335000,0,-3.37258,-101.106,0.693203,0.439
8340000,0,-3.16739,-101.749,0.26056,0.419889
8345000,0,-2.71334,-100.508,0.169942,0.397
8350000,0,-2.82697,-101.554,0.300794,0.392714
8355000,0,-3.45248,-103.745,0.289273,0.389357
8360000,0,-2.53676,-100.974,0.067164,0.358
8365000,0,-2.55769,-100.605,0.107056,0.361
8370000,0,-4.33674,-103.25,1.64049,0.3965
8375000,0,-3.27767,-101.718,0.293182,0.401
8380000,0,-2.75192,-102.601,0.414179,0.346
8385000,0,-2.5764,-100.657,0.455375,0.498
8390000,0,-3.02991,-101.706,0.649691,0.4
8395000,0,-2.46862,-101.007,0.0792044,0.456
8400000,0,-3.35304,-101.283,0.703381,0.3846
8405000,0,-2.76984,-101.719,0.0676323,0.454
8410000,0,-3.4886,-101.749,0.219984,0.384
8415000,3,-17.4206,-91.6279,2.94143,0.427
8420000,1,-9.14733,-104.255,0.750551,0.528
8425000,0,-2.88784,-102.555,0.107308,0.375
8430000,0,-3.35972,-100.637,0.963516,0.362
8435000,0,-3.53232,-100.191,1.31413,0.354
8440000,0,-2.73521,-103.064,0.463443,0.4175
8445000,0,-3.0793,-102.288,0.719914,0.425
8450000,0,-4.10936,-101.376,1.44018,0.3852
8455000,1,-8.27153,-102.149,1.27252,0.351
8460000,0,-4.29299,-101.919,1.51828,0.423667
8465000,0,-2.82818,-101.075,0.580869,0.359
8470000,0,-2.47708,-101.761,0.220424,0.4655
8475000,0,-2.7157,-101.699,0.270678,0.402333
8480000,0,-3.23473,-100.504,0.971536,0.36
8485000,0,-2.83208,-101.128,0.754246,0.39
8490000,0,-2.85322,-100.766,0.624854,0.514
8495000,0,-2.40858,-100.661,0.0471265,0.396
8500000,0,-2.34803,-101.873,0.00104972,0.39875
8505000,0,-3.47629,-104.815,0.426452,0.374
8510000,0,-3.17467,-105.697,0.730126,0.44275
8515000,0,-2.85492,-102.054,0.490681,0.376667
8520000,0,-2.2521,-102.066,0.0401508,0.408
8525000,0,-2.64311,-100.718,0.100926,0.528
8530000,1,-9.30805,-104.107,1.36782,0.37
8535000,0,-4.30135,-101.324,0.057124,0.4155
8540000,0,-3.84027,-101.291,1.01917,0.425444
8545000,0,-3.27905,-102.75,0.947203,0.419
8550000,0,-3.74505,-101.748,1.36932,0.329
8555000,1,-7.06929,-103.834,0.254003,0.366143
8560000,0,-2.27084,-101.598,0.0929082,0.4
8565000,0,-5.18627,-100.859,2.66176,0.331
8570000,0,-2.66918,-102.157,0.111429,0.417333
8575000,0,-3.12139,-102.256,0.296845,0.319
8580000,0,-3.32469,-102.499,1.10312,0.474
8585000,0,-2.30128,-100.111,0.132608,0.466
8590000,0,-2.68257,-101.773,0.443657,0.429
8595000,0,-4.81533,-103.399,2.25966,0.47875
8600000,1,-4.52181,-101.904,0.134948,0.413667
8605000,2,-9.83527,-103.835,0.452622,0.464833
8610000,0,-2.55257,-102.251,0.0158225,0.3755
8615000,0,-2.40826,-100.691,0.277452,0.416
8620000,0,-2.65088,-100.376,0.540169,0.4395
8625000,0,-4.01803,-103.317,0.605485,0.351
8630000,0,-3.8678,-102.679,0.690611,0.385571
8635000,0,-3.56092,-103.629,0.0793013,0.417
8640000,0,-3.02476,-100.117,0.712619,0.36
8645000,1,-7.45722,-99.7846,1.16692,0.404
8650000,1,-6.75625,-102.409,0.657585,0.42
8655000,0,-2.56593,-101.931,0.0228952,0.43
8660000,0,-3.20744,-100.353,0.968927,0.451429
8665000,0,-3.68162,-100.407,1.37727,0.359
8670000,0,-2.31671,-100.47,0.210346,0.394556
8675000,0,-2.80592,-101.281,0.62583,0.408438
8680000,1,-8.19535,-101.277,0.482605,0.448
8685000,0,-2.47335,-103.314,0.188346,0.394
8690000,0,-3.81602,-100.05,1.5923,0.403222
8695000,0,-3.38774,-102.009,0.570724,0.341
8700000,0,-2.50016,-100.822,0.12078,0.433
8705000,0,-3.91965,-102.942,1.00623,0.499
8710000,0,-3.39513,-101.051,0.639787,0.4305
8715000,0,-3.38286,-102.404,0.438843,0.408
8720000,1,-7.78839,-103.529,0.385593,0.409
8725000,0,-2.45198,-100.903,0.300244,0.501
8730000,0,-3.87541,-102.821,0.65072,0.419
8735000,0,-3.704,-100.562,1.28322,0.494
8740000,0,-3.13792,-102.181,0.210485,0.308
8745000,0,-3.90722,-100.478,1.78328,0.37775
8750000,0,-4.38663,-100.836,2.26447,0.503
8755000,0,-2.56985,-100.855,0.207932,0.469
8760000,0,-2.56711,-101.616,0.178353,0.3845
8765000,0,-2.27251,-100.09,0.106581,0.4115
8770000,0,-2.4175,-100.963,0.0442751,0.436
8775000,0,-3.31677,-100.906,1.20454,0.396571
8780000,0,-2.62055,-100.819,0.0190686,0.341
8785000,0,-3.64831,-103.134,0.449478,0.354
8790000,0,-2.72995,-102.717,0.443777,0.421
8795000,0,-3.15882,-101.6,0.274717,0.473
8800000,2,-9.06215,-101.424,1.05876,0.47
8805000,2,-11.392,-100.168,2.07528,0.479
8810000,0,-3.20581,-102.435,0.12631,0.41325
8815000,0,-2.50345,-100.662,0.150787,0.413875
8820000,0,-2.73001,-103.18,0.256908,0.35
8825000,0,-2.67738,-101.415,0.246157,0.408
8830000,0,-2.88902,-103.918,0.363655,0.374
8835000,0,-2.61323,-100.597,0.381596,0.388643
8840000,0,-4.35432,-101.771,0.227091,0.421
8845000,0,-2.2737,-101.751,0.103841,0.373
8850000,1,-4.59351,-99.1603,0.259752,0.439857
8855000,0,-2.54772,-100.853,0.142151,0.378
8860000,0,-2.5204,-102.619,0.170183,0.344
8865000,0,-2.50253,-105.103,0.343915,0.367667
8870000,2,-11.4218,-104.962,2.41106,0.374
8875000,0,-2.54139,-101.415,0.128358,0.412867
8880000,0,-2.21537,-100.895,0.0930541,0.421
8885000,0,-2.24385,-100.865,0.100489,0.412
8890000,0,-2.73695,-101.278,0.552726,0.416
8895000,0,-2.75246,-100.902,0.148072,0.4166
8900000,0,-3.51766,-100.228,1.30011,0.410286
8905000,0,-2.43064,-100.673,0.0956644,0.479
8910000,0,-2.50028,-101.234,0.0201555,0.367333
8915000,0,-2.83159,-100.661,0.416129,0.4345
8920000,0,-2.40207,-100.899,0.108922,0.454
8925000,0,-2.87805,-101.552,0.00875667,0.457
8930000,0,-2.88012,-102.075,0.315299,0.306
8935000,0,-2.27154,-100.696,0.0281917,0.391
8940000,0,-2.92792,-101.912,0.748319,0.378
8945000,0,-3.23599,-101.593,0.724452,0.422
8950000,0,-2.67501,-100.947,0.210981,0.359
8955000,0,-3.23366,-101.555,0.508653,0.356
8960000,0,-2.61792,-100.936,0.172584,0.415
8965000,1,-5.23434,-99.1339,0.554717,0.454143
8970000,0,-2.51357,-101.17,0.150918,0.339
8975000,0,-3.27152,-102.823,0.390101,0.427286
8980000,1,-7.15063,-101.293,1.46972,0.424
8985000,1,-7.91997,-101.139,0.904349,0.409111
8990000,0,-2.53301,-101.103,0.381799,0.413
8995000,0,-2.71673,-100.704,0.425931,0.444
9000000,0,-2.81206,-102.063,0.169282,0.374
9005000,0,-2.77547,-102.496,0.0807752,0.325
9010000,1,-6.06491,-101.485,1.14343,0.402333
9015000,0,-2.69224,-102.066,0.315898,0.345
9020000,1,-8.32914,-101.33,0.42502,0.373
9025000,0,-3.36504,-102.653,0.613006,0.39875
9030000,0,-2.53376,-100.09,0.336011,0.3772
9035000,0,-2.49285,-101.814,0.127715,0.417
9040000,0,-3.98426,-101.924,0.845001,0.392
9045000,0,-5.41762,-103.073,1.84129,0.386
9050000,0,-3.51809,-101.124,1.39642,0.4105
9055000,0,-2.89224,-101.385,0.316724,0.419
9060000,1,-6.84085,-102.503,0.58777,0.407417
9065000,0,-2.97784,-102.645,0.720785,0.405
9070000,0,-2.87315,-101.283,0.0576646,0.338
9075000,0,-2.4006,-105.1,0.0283594,0.440143
9080000,0,-2.86742,-101.418,0.0109312,0.389
9085000,0,-3.84649,-101.323,0.319102,0.554
9090000,0,-2.58226,-101.375,0.141485,0.374
9095000,0,-2.30791,-101.442,0.0614101,0.321
9100000,0,-2.92593,-103.042,0.602686,0.439429
9105000,0,-2.39229,-100.075,0.129119,0.426
9110000,0,-2.91107,-100.519,0.591753,0.405
9115000,0,-2.39546,-101.769,0.204504,0.385
9120000,0,-2.25737,-100.469,0.100599,0.402
9125000,0,-4.05621,-103.207,0.763806,0.411
9130000,0,-3.19536,-102.788,0.412873,0.437
9135000,0,-3.10122,-102.468,0.0381812,0.372
9140000,0,-2.47751,-101.361,0.264166,0.3825
9145000,0,-3.23556,-100.619,0.78735,0.438
9150000,0,-2.74014,-101.575,0.100615,0.39
9155000,0,-2.83523,-100.715,0.651426,0.3855
9160000,1,-7.04111,-100.13,2.24697,0.409
9165000,0,-3.17596,-104.156,0.806218,0.403
9170000,1,-6.29259,-101.047,0.394833,0.433
9175000,1,-8.2229,-100.157,1.22882,0.532
9180000,0,-3.09997,-102.483,0.536191,0.421833
9185000,0,-2.81773,-101.795,0.366705,0.389625
9190000,0,-3.24415,-101.149,0.633521,0.322
9195000,0,-4.69988,-103.026,0.944829,0.404
9200000,1,-5.70874,-100.647,1.04811,0.415
9205000,0,-3.35155,-101.52,0.4616,0.365
9210000,0,-2.81461,-100.281,0.661451,0.425
9215000,0,-3.19621,-100.647,1.07601,0.409714
9220000,0,-2.91747,-104.367,0.558572,0.333
9225000,0,-3.37696,-103.28,0.15024,0.37
9230000,0,-3.8744,-101.443,1.40297,0.3685
9235000,0,-3.79367,-101.978,0.678866,0.294
9240000,0,-2.67662,-100.996,0.577867,0.3764
9245000,0,-4.46679,-100.897,2.04854,0.3705
9250000,0,-2.36852,-101.659,0.0105112,0.385
9255000,0,-2.3951,-101.16,0.033139,0.34
9260000,0,-3.29552,-101.567,1.05611,0.459333
9265000,2,-9.46085,-101.25,1.1036,0.486
9270000,0,-3.72952,-105.644,0.456639,0.332
9275000,0,-5.79033,-103.142,2.27363,0.426917
9280000,0,-3.04114,-100.381,0.844476,0.38775
9285000,0,-3.47059,-103.998,0.0790091,0.365
9290000,1,-5.38704,-100.763,0.790327,0.3965
9295000,0,-2.53463,-100.153,0.2006,0.357
9300000,0,-2.63452,-100.698,0.503137,0.4122
9305000,0,-2.35352,-101.795,0.0230983,0.353
9310000,0,-3.16064,-100.528,0.641288,0.391
9315000,0,-3.4627,-100.724,1.10656,0.441409
9320000,0,-3.28012,-100.355,1.17905,0.3675
9325000,0,-2.9812,-101.377,0.803356,0.362167
9330000,0,-2.58456,-102.736,0.315511,0.424
9335000,0,-3.26251,-104.471,0.0338572,0.367
9340000,0,-3.19109,-101.872,0.853922,0.4605
9345000,0,-2.55135,-101.63,0.0251987,0.336
9350000,0,-2.636,-100.676,0.155106,0.56
9355000,0,-2.99438,-101.223,0.237895,0.447
9360000,1,-6.70284,-102.702,1.19325,0.419
9365000,0,-4.72887,-102.333,2.0406,0.398889
9370000,0,-3.00128,-101.933,0.45092,0.345
9375000,0,-3.09848,-103.346,0.0814341,0.431
9380000,0,-3.03984,-101.456,0.0694111,0.441
9385000,0,-2.49495,-101.553,0.289118,0.417667
9390000,0,-3.4107,-100.493,1.17998,0.4025
9395000,0,-3.27213,-100.424,1.16525,0.373
9400000,0,-2.86256,-101.903,0.335415,0.371
9405000,0,-3.09439,-102.088,0.803852,0.414
9410000,1,-6.38044,-96.6428,0.40528,0.569
9415000,0,-2.58736,-100.546,0.079823,0.439
9420000,0,-3.69903,-101.628,1.11585,0.382
9425000,0,-2.30466,-100.606,0.00714225,0.39275
9430000,0,-2.65525,-102.526,0.339674,0.42
9435000,0,-2.63216,-101.268,0.342472,0.423444
9440000,1,-8.61493,-101.822,0.075793,0.44
9445000,1,-8.92834,-101.568,1.99307,0.503
9450000,0,-3.09085,-101.888,0.0297402,0.3385
9455000,0,-3.10035,-100.675,0.777884,0.373
9460000,0,-2.55647,-100.873,0.0337256,0.38
9465000,0,-4.76849,-103.841,1.24467,0.430524
9470000,0,-3.23383,-101.618,0.919243,0.405
9475000,1,-7.09295,-104.91,0.26002,0.322
9480000,0,-3.72699,-101.474,0.767554,0.4
9485000,2,-9.11394,-104.439,0.330073,0.491
9490000,0,-2.69507,-101.864,0.0516675,0.44
9495000,0,-2.6316,-101.565,0.422679,0.391667
9500000,0,-2.36971,-102.477,0.167822,0.439333
9505000,0,-3.0124,-102.534,0.845661,0.390667
9510000,0,-2.69798,-100.284,0.394208,0.379
9515000,0,-3.02178,-102.386,0.892073,0.387571
9520000,1,-7.78687,-101.649,0.110989,0.415667
9525000,0,-2.79269,-101.287,0.322842,0.419
9530000,0,-2.85201,-101.966,0.0363356,0.391
9535000,0,-3.35642,-102.348,0.0713725,0.327
9540000,0,-4.08603,-105.203,0.191163,0.36825
9545000,0,-2.57891,-101.076,0.162451,0.3505
9550000,0,-3.6625,-102.162,0.490544,0.337
9555000,0,-3.06718,-101.12,0.877923,0.421
9560000,0,-2.23284,-100.647,0.0788917,0.394
9565000,0,-2.4472,-100.547,0.0760097,0.349
9570000,0,-4.07402,-101.819,1.85551,0.3895
9575000,0,-2.70612,-100.632,0.125866,0.498
9580000,0,-3.51533,-100.722,0.853404,0.4511
9585000,0,-2.46555,-103.137,0.106296,0.4025
9590000,0,-3.19353,-102.038,0.0112853,0.45075
9595000,0,-2.75684,-102.25,0.348595,0.427429
9600000,1,-6.51114,-100.9,1.38936,0.434
9605000,0,-3.58455,-102.958,0.430197,0.416143
9610000,0,-2.69414,-100.694,0.297072,0.3878
9615000,0,-2.82651,-103.459,0.0308411,0.420042
9620000,0,-4.66871,-102.078,1.13703,0.44
9625000,1,-8.08463,-102.262,0.204922,0.478
9630000,1,-7.78204,-103.586,0.526435,0.406412
9635000,0,-2.82298,-104.869,0.382015,0.4023
9640000,0,-4.83605,-102.053,0.396405,0.442
9645000,0,-2.69261,-100.856,0.127727,0.3896
9650000,1,-8.39033,-102.692,0.850209,0.416833
9655000,0,-4.70271,-100.908,2.05187,0.417
9660000,0,-3.03814,-101.229,0.898913,0.381833
9665000,0,-2.4483,-100.63,0.272982,0.343
9670000,0,-2.18699,-100.179,0.0595923,0.42
9675000,1,-6.37617,-107.034,0.521817,0.435333
9680000,0,-3.26019,-100.527,0.838741,0.427556
9685000,0,-2.88324,-100.802,0.734246,0.416
9690000,0,-3.29624,-100.486,0.835078,0.385
9695000,0,-3.01213,-102.755,0.41661,0.436
9700000,0,-3.1037,-101.08,0.306137,0.369
9705000,0,-4.69192,-100.846,1.41721,0.408727
9710000,0,-2.75249,-101.001,0.0543951,0.452
9715000,0,-3.48826,-100.995,0.92578,0.4152
9720000,0,-2.32706,-100.477,0.109569,0.3935
9725000,0,-2.98432,-104.544,0.0299519,0.4305
9730000,0,-3.19936,-101.137,0.914164,0.356
9735000,0,-2.19178,-100.553,0.082616,0.37
9740000,0,-2.47912,-101.41,0.154392,0.381
9745000,0,-3.49528,-100.892,1.0057,0.35
9750000,0,-2.83362,-102.185,0.499902,0.34
9755000,1,-8.85182,-102.45,0.870974,0.444
9760000,0,-2.95102,-101.181,0.176576,0.293
9765000,0,-2.72765,-100.942,0.52267,0.402
9770000,0,-3.13484,-101.804,0.136836,0.472
9775000,0,-2.33556,-102.621,0.0260899,0.414583
9780000,1,-8.35798,-100.068,2.34616,0.591
9785000,0,-3.76918,-100.309,1.453,0.334
9790000,1,-7.79423,-101.296,1.36968,0.535
9795000,0,-2.91478,-101.158,0.446908,0.3855
9800000,0,-5.43297,-101.759,2.56449,0.363
9805000,0,-4.40835,-105.89,0.907325,0.3858
9810000,2,-12.7258,-96.0725,0.786199,0.548
9815000,0,-2.79169,-100.542,0.545111,0.417
9820000,0,-4.703,-101.172,2.03803,0.412282
9825000,1,-8.66993,-101.34,0.98774,0.491
9830000,0,-3.539,-102.761,0.896998,0.391
9835000,0,-2.55262,-100.468,0.272442,0.402
9840000,0,-3.46492,-103.321,0.728855,0.379
9845000,0,-2.9041,-101.2,0.127588,0.386
9850000,0,-4.39457,-102.061,1.96284,0.4082
9855000,0,-3.68882,-100.953,0.0556941,0.464125
9860000,0,-3.16798,-105.581,0.62058,0.4525
9865000,0,-2.5633,-102.88,0.105586,0.404
9870000,0,-2.12957,-102.916,0.00184872,0.43
9875000,0,-2.45864,-100.461,0.186627,0.361
9880000,1,-6.95151,-101.303,1.68369,0.336
9885000,0,-3.09512,-102.075,0.285982,0.401
9890000,1,-7.05153,-102.365,0.559718,0.395
9895000,0,-3.05753,-101.43,0.293853,0.3924
9900000,0,-3.19798,-101.597,1.0976,0.377
9905000,1,-8.21919,-102.615,1.44549,0.405857
9910000,0,-4.17907,-106.465,0.402107,0.346
9915000,0,-3.0885,-100.904,0.409561,0.353
9920000,0,-3.54798,-102.316,0.374304,0.348
9925000,0,-4.2008,-102.386,0.975282,0.299
9930000,0,-2.58616,-100.393,0.248737,0.481
9935000,0,-4.28882,-109.545,0.469914,0.468
9940000,0,-3.00675,-100.756,0.544464,0.445
9945000,1,-6.72906,-103.334,0.504241,0.422417
9950000,0,-2.35649,-101.873,0.118538,0.375
9955000,0,-2.72009,-103.314,0.415076,0.363333
9960000,0,-3.47042,-102.632,0.267081,0.391
9965000,0,-2.70103,-101.264,0.537125,0.429722
9970000,0,-4.21378,-102.503,0.830458,0.41025
9975000,0,-2.27297,-100.917,0.0467059,0.393
9980000,1,-6.07032,-102.216,0.241775,0.506
9985000,0,-3.3188,-101.98,0.218386,0.425333
9990000,0,-4.39892,-102.86,2.09309,0.404
9995000,1,-8.65549,-101.504,0.194893,0.37925
