generation,N_shifts,logPrior,logLik,eventRate,acceptRate
0,0,-2.63977,-221.274,0.731508,1
20000,0,-3.81621,-107.05,0.992533,0.422
40000,0,-3.79058,-105.005,1.21363,0.422167
60000,0,-2.75904,-107.548,0.24896,0.450571
80000,0,-2.76204,-104.267,0.25321,0.495214
100000,0,-2.70917,-105.55,0.3971,0.42225
120000,0,-3.30014,-105.181,0.413296,0.473
140000,1,-6.22027,-96.9848,0.627997,0.5034
160000,0,-2.82859,-105.23,0.519606,0.451333
180000,0,-2.27691,-105.247,0.0486186,0.443333
200000,0,-7.18699,-103.325,0.264985,0.4705
220000,1,-7.57348,-103.462,1.32124,0.4319
240000,0,-2.95481,-105.204,0.829435,0.4385
260000,1,-9.32546,-104.546,2.15506,0.4435
280000,1,-7.6078,-105.805,0.927847,0.433
300000,0,-2.73233,-104.302,0.27422,0.415
320000,0,-3.16175,-106.511,0.882703,0.4365
340000,0,-2.85555,-104.464,0.243495,0.4513
360000,0,-3.3173,-105.897,0.545313,0.394
380000,1,-5.57891,-106.848,0.586483,0.516
400000,0,-2.40268,-104.341,0.0554807,0.469275
420000,0,-4.25052,-104.773,0.889129,0.4775
440000,0,-2.45385,-105.334,0.232527,0.4235
460000,0,-2.50846,-104.163,0.190064,0.486
480000,0,-3.20654,-103.509,0.931802,0.503
500000,0,-2.33445,-103.298,0.226954,0.485
520000,0,-2.18414,-103.64,0.0349458,0.446714
540000,0,-2.29102,-103.338,0.0280731,0.4175
560000,0,-2.67123,-106.552,0.156512,0.422
580000,0,-3.08825,-105.855,0.490118,0.3855
600000,0,-2.47333,-105.448,0.284212,0.399
620000,2,-10.1005,-105.323,1.46201,0.4635
640000,0,-2.9866,-106.257,0.657375,0.4495
660000,0,-3.77479,-104.222,1.54679,0.44075
680000,0,-4.2591,-105.271,1.05917,0.435417
700000,1,-6.7784,-98.5819,0.481289,0.513437
720000,0,-3.01676,-104.428,0.64773,0.471083
740000,1,-6.77909,-105.248,1.52974,0.442071
760000,0,-3.21943,-105.061,0.702857,0.461
780000,0,-3.0645,-103.738,0.891602,0.43325
800000,0,-2.96833,-105.624,0.77537,0.4185
820000,1,-8.45127,-105.959,2.32828,0.45025
840000,0,-6.33211,-105.463,0.917344,0.426333
860000,0,-2.91547,-104.456,0.3963,0.460833
880000,0,-2.57116,-103.884,0.41467,0.541583
900000,3,-20.1088,-107.688,1.22189,0.4655
920000,0,-2.38985,-103.388,0.142591,0.4555
940000,0,-2.22503,-104.352,0.0102281,0.45975
960000,0,-2.65772,-105.499,0.127268,0.430409
980000,0,-2.41505,-103.416,0.144755,0.5327
1000000,0,-2.88897,-103.515,0.515891,0.427
1020000,0,-2.30929,-105.994,0.0286627,0.4504
1040000,0,-2.39838,-103.49,0.238072,0.4715
1060000,0,-3.10391,-107.684,0.436836,0.4515
1080000,0,-2.50674,-105.034,0.324932,0.4035
1100000,0,-2.63976,-105.58,0.0392288,0.464
1120000,1,-6.22188,-98.4384,1.29876,0.56525
1140000,0,-2.46293,-106.197,0.206073,0.396
1160000,1,-6.12822,-103.924,0.907765,0.4525
1180000,1,-8.29968,-106.107,0.995722,0.458786
1200000,0,-3.81015,-105.721,1.41513,0.5405
1220000,1,-6.55988,-106.603,0.52989,0.422
1240000,0,-4.84746,-104.231,2.59346,0.456214
1260000,0,-2.90116,-105.317,0.487309,0.40425
1280000,0,-2.44234,-103.58,0.30186,0.45225
1300000,0,-2.46975,-103.717,0.204402,0.54275
1320000,0,-3.03082,-103.933,0.766343,0.4652
1340000,2,-8.18548,-103.229,0.121654,0.51675
1360000,1,-8.7838,-100.531,0.469198,0.51725
1380000,1,-12.6069,-97.3736,2.03813,0.5655
1400000,0,-2.50488,-105.758,0.269479,0.455167
1420000,0,-2.69685,-104.136,0.477184,0.404
1440000,1,-9.66267,-106.329,3.68932,0.459
1460000,0,-2.27923,-103.173,0.167188,0.4475
1480000,0,-2.17689,-103.821,0.0485797,0.484833
1500000,0,-2.82155,-105.714,0.013134,0.4345
1520000,0,-3.62309,-107.143,0.859688,0.48625
1540000,0,-3.6763,-107.813,0.718505,0.473
1560000,0,-2.34717,-103.242,0.136744,0.479583
1580000,1,-7.18956,-109.051,0.958887,0.4024
1600000,0,-2.29961,-103.97,0.0310833,0.399
1620000,1,-5.71776,-99.1952,0.402637,0.483357
1640000,1,-6.10558,-106.258,1.29859,0.377
1660000,0,-2.67312,-103.282,0.47664,0.483
1680000,0,-2.54851,-104.113,0.276206,0.4189
1700000,0,-2.52531,-104.885,0.336204,0.413833
1720000,1,-6.53316,-106.634,0.216196,0.417333
1740000,0,-3.7453,-106.66,1.10794,0.45175
1760000,1,-8.78471,-104.003,1.8599,0.436
1780000,0,-2.77278,-106.166,0.0834838,0.412
1800000,0,-2.76155,-104.936,0.33977,0.465313
1820000,0,-2.77992,-103.544,0.492592,0.4755
1840000,0,-3.23816,-104.201,1.01987,0.4865
1860000,0,-2.5112,-105.816,0.278209,0.447333
1880000,0,-2.7058,-106.686,0.397703,0.483
1900000,0,-2.61344,-104.608,0.366952,0.42825
1920000,0,-2.3765,-104.269,0.239694,0.429
1940000,0,-2.25943,-106.699,0.0182745,0.4313
1960000,0,-2.42505,-104.214,0.0430332,0.4185
1980000,0,-2.44407,-103.484,0.307998,0.415
2000000,1,-6.53727,-106.763,0.0500594,0.481
2020000,0,-2.38154,-104.183,0.269113,0.45468
2040000,1,-6.45436,-104.703,1.91301,0.478444
2060000,1,-5.97556,-104.683,0.817719,0.425375
2080000,0,-2.86785,-105.8,0.165625,0.463917
2100000,1,-7.28907,-105.655,0.132073,0.449083
2120000,1,-6.27145,-103.48,1.81567,0.44255
2140000,0,-2.47782,-104.493,0.283798,0.424333
2160000,3,-14.8756,-106.857,1.98193,0.4615
2180000,0,-2.1885,-105.121,0.0468288,0.389
2200000,0,-4.36917,-104.176,0.0503817,0.526
2220000,0,-2.26056,-103.86,0.127485,0.519
2240000,1,-6.35832,-104.189,0.89333,0.4715
2260000,0,-2.85131,-105.722,0.170575,0.4466
2280000,0,-5.01445,-104.377,0.82466,0.446
2300000,4,-18.0924,-109.149,3.46765,0.51875
2320000,0,-2.73603,-103.632,0.595724,0.4375
2340000,0,-3.37821,-104.162,1.07251,0.417
2360000,0,-2.15178,-103.655,0.0393883,0.439
2380000,2,-9.55799,-104.074,1.19417,0.47575
2400000,1,-7.33959,-105.645,2.16762,0.528
2420000,1,-5.79699,-102.569,0.55358,0.51775
2440000,0,-2.9949,-105.11,0.727401,0.425
2460000,2,-13.7216,-108.772,1.03847,0.459313
2480000,1,-5.07173,-102.98,0.339077,0.490333
2500000,0,-3.42979,-105.475,1.22429,0.4775
2520000,1,-9.64579,-106.922,3.97774,0.464571
2540000,0,-3.29966,-104.665,0.227014,0.4685
2560000,0,-3.05857,-106.84,0.801169,0.46775
2580000,1,-8.74705,-104.6,0.813008,0.475
2600000,0,-4.02898,-104.464,1.68877,0.42475
2620000,0,-2.78916,-104.192,0.0753275,0.457286
2640000,0,-2.39464,-104.756,0.162041,0.419
2660000,0,-3.11567,-103.186,0.899379,0.474375
2680000,1,-6.05726,-104.222,1.20516,0.584
2700000,1,-7.77875,-98.4455,1.24393,0.571
2720000,0,-2.85506,-104.444,0.480109,0.4784
2740000,0,-2.84706,-106.946,0.60215,0.3815
2760000,1,-8.87197,-105.765,0.787387,0.4734
2780000,0,-3.43846,-103.528,0.491889,0.4235
2800000,0,-2.791,-104,0.342912,0.410833
2820000,0,-2.40983,-103.99,0.0561572,0.432667
2840000,0,-2.97145,-105.214,0.312524,0.430167
2860000,0,-3.29327,-103.198,1.07689,0.4276
2880000,0,-3.06878,-104.695,0.73767,0.4305
2900000,0,-2.63247,-104.517,0.360981,0.427167
2920000,0,-2.27168,-103.323,0.0649554,0.477278
2940000,0,-3.00323,-104.13,0.540056,0.463375
2960000,0,-4.75523,-104.608,2.13435,0.4805
2980000,0,-3.61229,-104.693,1.42419,0.411
3000000,1,-6.06924,-100.547,1.27442,0.5785
3020000,0,-2.71387,-104.708,0.439552,0.443429
3040000,0,-2.23968,-103.263,0.0375112,0.4885
3060000,0,-2.91286,-103.759,0.770597,0.459
3080000,0,-2.32907,-104.474,0.148066,0.434
3100000,1,-6.0431,-106.85,0.917496,0.4375
3120000,0,-2.64724,-106.255,0.0935237,0.564
3140000,2,-11.0769,-104.479,2.05259,0.4775
3160000,1,-8.93968,-104.542,1.15625,0.4185
3180000,0,-2.1816,-103.963,0.0265203,0.3705
3200000,0,-2.82258,-103.245,0.629838,0.448
3220000,1,-6.67089,-99.1025,0.902453,0.577
3240000,0,-2.55497,-104.041,0.349006,0.472591
3260000,0,-3.71413,-103.348,1.47983,0.444667
3280000,1,-8.13653,-104.543,0.831667,0.53675
3300000,0,-2.30208,-103.5,0.164207,0.45375
3320000,1,-15.7196,-107.074,3.00111,0.450667
3340000,1,-9.06439,-103.99,0.331594,0.44625
3360000,0,-2.39465,-103.615,0.0904568,0.436
3380000,0,-2.86112,-105.426,0.213815,0.46765
3400000,0,-3.629,-109.509,1.11846,0.457933
3420000,0,-3.75463,-103.555,1.59346,0.4295
3440000,0,-2.71314,-108.513,0.448062,0.4465
3460000,0,-2.40009,-104.194,0.174992,0.450688
3480000,0,-2.53277,-103.656,0.291263,0.442577
3500000,0,-3.25172,-103.775,1.00215,0.43275
3520000,0,-2.41,-103.35,0.266395,0.461269
3540000,0,-3.74077,-105.965,1.20518,0.415
3560000,0,-3.35374,-105.45,0.59613,0.445
3580000,1,-5.93799,-104.771,0.447192,0.463667
3600000,0,-3.86979,-104.949,0.461557,0.441214
3620000,1,-8.31233,-106.672,0.356692,0.478667
3640000,0,-2.82231,-103.891,0.562785,0.3975
3660000,1,-8.20099,-106.931,1.73797,0.450625
3680000,0,-2.36708,-103.534,0.206195,0.4015
3700000,0,-2.44764,-103.867,0.287771,0.438667
3720000,1,-6.03801,-107.84,0.500402,0.465071
3740000,0,-2.46654,-103.529,0.27213,0.4505
3760000,0,-2.64345,-106.56,0.223524,0.458813
3780000,0,-3.05248,-105.894,0.25693,0.440375
3800000,0,-2.41612,-104.057,0.226499,0.399
3820000,0,-3.00188,-103.545,0.794269,0.44
3840000,0,-5.38733,-104.723,1.67704,0.4495
3860000,0,-3.87774,-110.949,0.704339,0.4463
3880000,0,-5.14449,-103.698,0.300044,0.444833
3900000,0,-2.81695,-103.166,0.706899,0.4425
3920000,2,-9.68535,-108.938,0.924157,0.456
3940000,0,-3.07568,-105.311,0.731787,0.478833
3960000,1,-8.50237,-104.083,0.229903,0.458
3980000,1,-7.05118,-103.166,0.866353,0.45
4000000,2,-11.145,-106.106,1.20675,0.460929
4020000,0,-4.02394,-104.501,0.42968,0.4905
4040000,1,-5.50938,-106.247,0.467026,0.465
4060000,0,-3.63695,-103.406,0.715998,0.42525
4080000,0,-2.45715,-104.373,0.230175,0.487
4100000,0,-4.08692,-103.733,1.44204,0.454
4120000,1,-7.3756,-103.724,0.623849,0.473
4140000,0,-2.82283,-103.134,0.642667,0.480762
4160000,0,-2.46315,-105.26,0.194669,0.5105
4180000,0,-3.84049,-104.68,0.148676,0.481846
4200000,1,-6.65997,-104.285,0.222486,0.4055
4220000,0,-5.17978,-104.561,0.187488,0.479
4240000,0,-2.56269,-104.245,0.366835,0.4075
4260000,0,-2.47251,-105.895,0.230829,0.471
4280000,2,-13.2398,-98.7267,0.912654,0.5295
4300000,0,-2.48001,-107.534,0.197854,0.498
4320000,0,-2.9363,-105.295,0.192032,0.506333
4340000,0,-2.22141,-103.978,0.02199,0.4415
4360000,0,-2.21804,-105.54,0.0544898,0.41625
4380000,0,-2.83476,-104.484,0.635077,0.4995
4400000,0,-2.41524,-103.511,0.13535,0.44
4420000,0,-2.78599,-107.691,0.0665706,0.495
4440000,0,-2.43956,-103.736,0.0434636,0.432
4460000,0,-2.3763,-103.377,0.155795,0.483214
4480000,0,-3.04219,-104.217,0.737694,0.4605
4500000,0,-2.59721,-106.156,0.0492873,0.4815
4520000,0,-2.79781,-103.863,0.514513,0.402
4540000,0,-3.45183,-110.085,0.0527443,0.455562
4560000,0,-5.66927,-103.8,2.27738,0.436417
4580000,0,-2.55786,-104.622,0.385412,0.50025
4600000,0,-2.31851,-104.477,0.103839,0.468389
4620000,0,-2.27677,-104.988,0.142733,0.44675
4640000,0,-2.59757,-104.863,0.426307,0.476
4660000,0,-2.28399,-104.313,0.120613,0.4645
4680000,0,-3.32734,-104.99,0.0843988,0.465741
4700000,2,-8.14448,-102.915,0.743369,0.588
4720000,0,-3.43541,-104.627,0.332021,0.5375
4740000,0,-2.98965,-104.196,0.537501,0.471722
4760000,0,-3.46249,-107.707,0.858058,0.416
4780000,3,-18.5496,-101.767,1.75608,0.537667
4800000,3,-12.9914,-101.731,2.0047,0.485
4820000,0,-3.81696,-105.695,0.959455,0.431714
4840000,0,-4.05773,-106.752,0.637338,0.552
4860000,0,-2.63773,-103.697,0.432305,0.449571
4880000,0,-5.76938,-103.847,0.547968,0.465417
4900000,0,-2.31502,-104.2,0.0691529,0.44475
4920000,1,-7.36228,-104.292,1.06844,0.5595
4940000,1,-6.78656,-105.276,1.63442,0.4845
4960000,0,-2.67924,-107.807,0.232052,0.5235
4980000,0,-2.54356,-105.933,0.00614998,0.444
5000000,0,-2.57199,-104.084,0.339718,0.461731
5020000,1,-5.49352,-104.434,0.667517,0.498
5040000,1,-5.23022,-98.8803,0.234859,0.5755
5060000,0,-3.67667,-103.695,1.21482,0.490833
5080000,0,-2.5318,-104.565,0.185565,0.41125
5100000,1,-7.21957,-105.568,0.696943,0.399
5120000,0,-2.36239,-103.092,0.245854,0.485
5140000,1,-7.52593,-96.7565,1.21041,0.494583
5160000,0,-2.24709,-104.542,0.0590278,0.439
5180000,0,-3.07297,-104.898,0.477545,0.5675
5200000,0,-2.34355,-103.69,0.15207,0.4565
5220000,0,-2.50778,-103.833,0.254754,0.4316
5240000,0,-3.23127,-104.226,1.10592,0.4055
5260000,1,-12.0497,-96.7377,1.06962,0.56175
5280000,0,-3.29966,-104.445,0.576093,0.4165
5300000,0,-2.71235,-103.289,0.545605,0.429833
5320000,0,-2.42893,-103.545,0.175092,0.4395
5340000,0,-2.21939,-105.452,0.0200573,0.468227
5360000,0,-2.51183,-104.399,0.412149,0.42
5380000,0,-2.55404,-104.062,0.270775,0.4255
5400000,0,-3.13636,-105.226,0.842084,0.426143
5420000,0,-2.39977,-103.987,0.173151,0.434125
5440000,0,-3.52848,-105.515,1.08552,0.4612
5460000,0,-2.25057,-107.01,0.181849,0.491
5480000,1,-8.22961,-96.3654,1.8356,0.51625
5500000,0,-2.73096,-105.415,0.244161,0.508115
5520000,0,-2.92487,-105.629,0.547826,0.397
5540000,0,-3.11633,-106.564,0.716215,0.449929
5560000,0,-2.35851,-105.314,0.160047,0.411333
5580000,1,-6.41919,-103.749,1.90959,0.434
5600000,0,-2.23079,-104.165,0.0529457,0.5055
5620000,0,-2.68084,-104.121,0.20977,0.4345
5640000,0,-3.44031,-105.917,1.18351,0.481781
5660000,1,-5.99761,-104.87,0.178453,0.441083
5680000,2,-11.9356,-98.64,4.57403,0.475917
5700000,1,-5.68459,-100.448,0.742557,0.566333
5720000,0,-3.47841,-103.809,0.161118,0.415625
5740000,0,-2.50837,-103.584,0.312519,0.4563
5760000,1,-6.63,-107.849,1.14404,0.474816
5780000,0,-2.78199,-103.359,0.627854,0.452
5800000,0,-3.10273,-107.144,0.292514,0.4285
5820000,0,-2.83063,-104.751,0.471634,0.4525
5840000,0,-2.86557,-105.332,0.504055,0.4375
5860000,0,-3.34904,-104.024,0.223174,0.448214
5880000,0,-2.33367,-105.48,0.135595,0.44
5900000,0,-2.83549,-105.086,0.449473,0.4375
5920000,0,-3.22964,-104.827,0.757175,0.453
5940000,0,-2.71699,-104.627,0.480192,0.437875
5960000,0,-2.62709,-103.812,0.472856,0.427167
5980000,0,-2.69396,-104.229,0.162862,0.438875
6000000,0,-2.38511,-104.085,0.227314,0.442038
6020000,0,-2.19556,-103.447,0.0675848,0.455625
6040000,0,-3.97401,-105.328,1.7796,0.456833
6060000,0,-3.40926,-104.628,0.712219,0.444733
6080000,0,-3.68372,-108.738,0.410079,0.4535
6100000,0,-2.48322,-106.565,0.168552,0.438
6120000,3,-18.0047,-106.469,2.23169,0.613
6140000,0,-3.07509,-104.838,0.315657,0.468
6160000,0,-2.18977,-103.903,0.0462346,0.485
6180000,2,-9.98813,-94.4621,1.04793,0.5394
6200000,0,-2.47941,-103.374,0.153169,0.396
6220000,0,-2.32046,-105.331,0.193574,0.464761
6240000,0,-2.62523,-104.746,0.275723,0.435107
6260000,0,-2.42097,-103.328,0.278895,0.58
6280000,3,-14.3905,-102.689,3.76754,0.484778
6300000,0,-2.25853,-103.588,0.0848775,0.4425
6320000,0,-2.29335,-105.742,0.141328,0.448833
6340000,0,-2.70909,-104.436,0.556661,0.4625
6360000,1,-5.48484,-104.415,0.383106,0.43375
6380000,1,-12.1376,-99.4266,3.87686,0.569
6400000,1,-8.2904,-105.953,1.35851,0.3855
6420000,1,-7.64543,-104.076,1.49704,0.508
6440000,0,-2.61757,-103.72,0.460024,0.446875
6460000,1,-7.61611,-105.241,1.35675,0.443833
6480000,0,-2.83017,-103.741,0.460614,0.428812
6500000,0,-2.61262,-104.138,0.520055,0.51375
6520000,0,-4.46953,-108.791,1.67558,0.418
6540000,0,-2.22165,-103.174,0.0548453,0.47315
6560000,0,-3.04825,-104.891,0.628865,0.5055
6580000,1,-7.4657,-97.7554,0.457005,0.43065
6600000,0,-3.26344,-107.855,0.490439,0.435
6620000,0,-2.32294,-106.634,0.0872844,0.4595
6640000,0,-3.22777,-104.503,0.737898,0.462
6660000,0,-3.63453,-103.964,0.580291,0.407833
6680000,0,-2.63036,-104.862,0.519018,0.473
6700000,2,-10.2978,-105.569,1.6918,0.5295
6720000,0,-2.8722,-103.743,0.710035,0.41
6740000,0,-3.10139,-105.869,0.392757,0.398
6760000,1,-5.68875,-101.397,0.567652,0.450385
6780000,0,-3.41676,-107.037,0.410926,0.488714
6800000,0,-3.05659,-104.575,0.915422,0.472318
6820000,1,-6.64272,-103.194,2.07047,0.393
6840000,0,-3.21559,-103.779,1.07769,0.4645
6860000,0,-3.04668,-103.618,0.84771,0.416
6880000,0,-2.74014,-104.688,0.558321,0.5025
6900000,0,-2.72148,-104.62,0.483082,0.4345
6920000,0,-2.88158,-103.904,0.736528,0.438667
6940000,0,-2.40857,-103.219,0.176017,0.484
6960000,0,-2.44699,-106.493,0.227294,0.4715
6980000,1,-5.13655,-105.217,0.148977,0.4385
7000000,0,-2.50763,-104.693,0.296854,0.44225
7020000,0,-3.29553,-105.14,0.539282,0.4878
7040000,0,-2.82581,-106.063,0.195398,0.3975
7060000,0,-2.78372,-103.963,0.566184,0.430375
7080000,0,-3.59045,-105.444,1.24128,0.4802
7100000,0,-2.51418,-104.282,0.171535,0.4475
7120000,0,-5.26332,-108.263,1.50058,0.46625
7140000,0,-2.50123,-104.362,0.292568,0.4505
7160000,1,-6.98541,-104.036,0.850263,0.4785
7180000,1,-7.9942,-106.036,2.02421,0.4055
7200000,1,-7.52403,-104.485,1.05911,0.43825
7220000,0,-2.66196,-106.582,0.385304,0.4465
7240000,0,-3.28786,-103.83,0.916259,0.4357
7260000,1,-6.77614,-104.511,0.306375,0.429
7280000,0,-2.42902,-103.377,0.249081,0.4035
7300000,0,-2.62556,-104.947,0.155662,0.355
7320000,0,-3.07654,-105.672,0.213344,0.423875
7340000,0,-2.19044,-103.406,0.0736079,0.444
7360000,0,-2.35125,-104.154,0.195899,0.4615
7380000,0,-2.60273,-106.436,0.167254,0.4155
7400000,0,-7.94272,-103.785,0.524884,0.45375
7420000,0,-3.94192,-104.378,0.198614,0.43925
7440000,0,-2.83181,-103.941,0.560521,0.458125
7460000,0,-2.19788,-103.618,0.0622805,0.4865
7480000,0,-3.81392,-103.661,1.58795,0.4865
7500000,0,-3.21045,-106.182,0.438195,0.4645
7520000,0,-2.83907,-103.677,0.492136,0.4335
7540000,0,-2.43678,-104.408,0.223163,0.504813
7560000,1,-8.59203,-110.961,2.36997,0.453375
7580000,0,-3.73898,-104.518,0.293906,0.464
7600000,0,-3.23958,-105.6,0.367023,0.4555
7620000,0,-3.05993,-104.494,0.222198,0.4185
7640000,1,-6.50915,-101.549,1.8931,0.4385
7660000,0,-2.77032,-104.426,0.109556,0.4395
7680000,0,-2.52491,-103.491,0.380391,0.464
7700000,0,-2.35288,-103.776,0.0817226,0.523875
7720000,0,-2.19303,-105.033,0.00228516,0.440667
7740000,1,-9.02243,-95.9366,1.0499,0.43275
7760000,0,-3.57014,-105.779,1.24841,0.397
7780000,1,-5.91245,-104.795,0.36138,0.453
7800000,0,-2.58581,-105.01,0.0324969,0.42
7820000,0,-2.85411,-106.105,0.427573,0.4367
7840000,1,-7.71003,-102.745,1.22718,0.452333
7860000,1,-5.09218,-103.396,0.238122,0.567167
7880000,0,-2.75228,-104.558,0.400232,0.4765
7900000,0,-2.62616,-103.574,0.107099,0.441167
7920000,0,-2.56661,-105.154,0.188443,0.5195
7940000,0,-5.59025,-104.228,0.881966,0.4405
7960000,1,-11.2688,-104.22,1.48775,0.438
7980000,0,-3.02981,-106.597,0.691092,0.4335
8000000,0,-2.29961,-103.25,0.167546,0.513
8020000,0,-3.04887,-107.837,0.0668162,0.3975
8040000,0,-3.43802,-107.809,0.992949,0.447857
8060000,0,-2.8324,-105.206,0.591235,0.42925
8080000,1,-5.04157,-103.149,0.784169,0.4321
8100000,2,-13.9221,-107.383,0.405083,0.445
8120000,1,-5.86963,-103.155,0.974586,0.432
8140000,0,-3.47853,-104.144,1.32212,0.3845
8160000,2,-9.75822,-103.943,0.816155,0.444333
8180000,1,-5.47353,-102.321,0.488367,0.575375
8200000,0,-3.21558,-108.355,0.366785,0.4295
8220000,0,-2.83219,-105.131,0.509215,0.44225
8240000,0,-4.66931,-105.835,1.72256,0.449
8260000,0,-2.49051,-106.985,0.231732,0.4335
8280000,0,-2.60908,-105.966,0.232028,0.484625
8300000,1,-4.61262,-104.558,0.179509,0.489
8320000,0,-2.20967,-104.756,0.00404374,0.394
8340000,0,-2.80804,-103.761,0.363597,0.4525
8360000,1,-6.74999,-104.582,0.532119,0.4885
8380000,0,-3.82499,-103.625,0.989921,0.483083
8400000,0,-2.93539,-106.322,0.665382,0.48625
8420000,2,-11.6095,-104.549,1.34693,0.4824
8440000,0,-2.29586,-105.575,0.0424755,0.443875
8460000,0,-2.65429,-104.489,0.350271,0.4355
8480000,0,-2.60459,-103.939,0.0857221,0.449429
8500000,0,-2.3686,-104.769,0.0391477,0.465333
8520000,1,-5.94775,-104.712,1.15583,0.5145
8540000,0,-3.31031,-104.522,0.484446,0.433833
8560000,0,-3.30093,-107.394,0.569932,0.452375
8580000,0,-2.50306,-106.313,0.141401,0.465625
8600000,0,-5.28705,-103.267,0.207278,0.4375
8620000,0,-2.85271,-104.694,0.421759,0.3715
8640000,0,-2.98343,-105.365,0.74082,0.364
8660000,2,-8.99163,-103.31,0.443829,0.583
8680000,1,-8.1274,-107.261,1.90153,0.4155
8700000,0,-2.98465,-103.467,0.857287,0.47175
8720000,0,-3.0662,-103.665,0.598591,0.4295
8740000,0,-3.39021,-105.932,1.01588,0.419
8760000,0,-2.65529,-103.588,0.391241,0.4295
8780000,0,-3.82914,-103.82,0.561695,0.4545
8800000,0,-2.37248,-103.728,0.191508,0.4945
8820000,1,-6.89783,-101.213,0.0792785,0.4805
8840000,0,-2.91215,-106.117,0.40018,0.4325
8860000,0,-2.3777,-104.673,0.151098,0.43825
8880000,0,-2.53344,-104.134,0.337385,0.493
8900000,0,-3.10154,-105.945,0.608032,0.37
8920000,1,-6.3714,-103.301,0.615747,0.4765
8940000,0,-2.43238,-103.32,0.0586676,0.503667
8960000,0,-5.56504,-106.613,3.11968,0.465
8980000,3,-12.3319,-105.288,1.09834,0.47625
9000000,1,-6.99967,-105.537,0.41323,0.52
9020000,0,-3.48487,-106.13,0.805318,0.4265
9040000,0,-2.32447,-103.336,0.216764,0.49
9060000,0,-3.37315,-104.504,1.22864,0.417
9080000,0,-2.93676,-103.92,0.563046,0.456
9100000,0,-2.63401,-104.2,0.473881,0.45475
9120000,0,-2.72292,-104.86,0.489448,0.473625
9140000,0,-2.99274,-103.99,0.424463,0.4365
9160000,1,-8.59766,-104.186,1.18907,0.470458
9180000,0,-2.14611,-103.49,0.00361665,0.4985
9200000,0,-3.0987,-105.077,0.574414,0.4095
9220000,0,-2.41251,-105.023,0.225044,0.440857
9240000,0,-3.27606,-103.755,0.823051,0.469313
9260000,0,-3.18973,-107.26,0.0587416,0.44
9280000,1,-5.91278,-106.458,1.09216,0.44575
9300000,2,-15.2977,-106.383,0.406443,0.43
9320000,1,-10.04,-110.597,1.17244,0.43975
9340000,0,-3.71975,-104.295,0.343122,0.4475
9360000,1,-6.22941,-102.888,1.12673,0.427875
9380000,0,-2.36368,-104.468,0.0301955,0.445105
9400000,0,-3.11599,-107.765,0.491788,0.444714
9420000,1,-7.02565,-106.732,0.371412,0.4553
9440000,2,-10.8739,-104.875,1.23113,0.467333
9460000,0,-2.70184,-105.68,0.414609,0.537
9480000,1,-6.97201,-106.366,0.933141,0.422
9500000,0,-3.13256,-103.941,1.00192,0.444333
9520000,0,-2.38441,-106.612,0.168608,0.4505
9540000,0,-2.88572,-103.355,0.759676,0.447667
9560000,1,-7.31071,-98.3005,0.959085,0.5202
9580000,0,-2.92578,-107.623,0.170387,0.438
9600000,0,-2.32861,-103.329,0.15103,0.444
9620000,0,-2.59876,-104.626,0.0388834,0.479
9640000,0,-3.24101,-104.935,0.39796,0.464833
9660000,0,-2.43633,-104.11,0.142421,0.5595
9680000,0,-3.45836,-104.925,1.29039,0.4635
9700000,0,-3.11066,-104.091,0.392711,0.423333
9720000,0,-3.23137,-103.618,0.985588,0.5695
9740000,2,-10.1836,-101.024,1.08403,0.427875
9760000,0,-4.75537,-105.841,0.768992,0.418
9780000,0,-3.46557,-106.588,0.49516,0.398
9800000,0,-2.62988,-104.956,0.479953,0.4765
9820000,0,-2.5791,-105.698,0.277061,0.437
9840000,0,-3.48248,-109.167,1.17406,0.447
9860000,0,-2.76276,-106.505,0.51755,0.44675
9880000,0,-2.57307,-103.839,0.425999,0.418
9900000,0,-2.28761,-106.397,0.027912,0.473
9920000,1,-4.4584,-104.43,0.156152,0.448929
9940000,0,-3.17548,-104.065,0.691107,0.464318
9960000,0,-3.85416,-103.488,0.911883,0.4995
9980000,1,-6.11417,-105.085,0.494254,0.446
10000000,0,-2.61649,-104.945,0.36614,0.480187
10020000,0,-3.14333,-103.182,0.988959,0.415
10040000,0,-2.19995,-103.732,0.00484241,0.4185
10060000,1,-7.24556,-105.297,0.848397,0.3955
10080000,0,-4.6484,-106.554,2.20518,0.417
10100000,0,-3.00354,-105.072,0.375628,0.454188
10120000,0,-2.61063,-105.139,0.454795,0.441455
10140000,1,-10.5811,-111.481,3.228,0.443714
10160000,0,-2.47762,-103.889,0.280074,0.454583
10180000,2,-12.0783,-98.8686,2.42233,0.604
10200000,0,-3.44364,-105.342,1.08308,0.457
10220000,0,-2.47837,-104.913,0.284202,0.484167
10240000,0,-2.25042,-105.063,0.0129817,0.427333
10260000,0,-2.47322,-104.678,0.238703,0.5435
10280000,0,-2.99065,-104.765,0.487749,0.4345
10300000,0,-2.63696,-105.412,0.0736634,0.44575
10320000,0,-3.57236,-103.096,1.41838,0.4275
10340000,0,-2.99108,-106.248,0.400598,0.49075
10360000,0,-2.76887,-103.931,0.240598,0.45175
10380000,0,-2.61997,-105.339,0.422096,0.4695
10400000,0,-2.40346,-103.93,0.215656,0.454905
10420000,0,-3.78343,-104.102,1.55832,0.449083
10440000,1,-7.64079,-103.932,0.909261,0.4595
10460000,1,-5.0552,-104.537,0.470985,0.436625
10480000,1,-5.67755,-103.933,0.387908,0.455722
10500000,0,-2.73134,-105.644,0.528521,0.5
10520000,2,-15.78,-107.542,0.640404,0.475
10540000,0,-2.47321,-103.829,0.165246,0.442
10560000,0,-2.63393,-105.363,0.266871,0.43025
10580000,0,-2.49498,-104.297,0.0123808,0.447
10600000,1,-6.04029,-105.359,1.11013,0.4255
10620000,0,-2.57002,-105.595,0.128918,0.4805
10640000,1,-7.72472,-105.265,1.02122,0.438375
10660000,0,-2.1999,-103.704,0.0788031,0.447056
10680000,1,-7.94375,-103.443,0.978655,0.45825
10700000,0,-2.45452,-103.823,0.0991088,0.4365
10720000,0,-3.93028,-103.761,1.48879,0.4529
10740000,0,-3.30045,-106.875,0.0280042,0.441125
10760000,1,-4.81628,-102.993,0.545899,0.455682
10780000,0,-2.28759,-104.187,0.140003,0.454846
10800000,0,-2.3836,-104.448,0.211045,0.426
10820000,0,-3.3994,-106.368,0.31254,0.428
10840000,0,-2.40558,-105.264,0.216056,0.453
10860000,0,-2.55625,-104.324,0.322795,0.461
10880000,2,-10.9233,-97.372,1.52774,0.564167
10900000,0,-2.38623,-105.926,0.190284,0.4145
10920000,0,-2.75691,-107.839,0.149042,0.4275
10940000,1,-6.23913,-102.965,1.4577,0.538333
10960000,1,-8.30673,-104.232,2.79726,0.49
10980000,0,-2.86862,-104.181,0.711099,0.4445
11000000,0,-2.51497,-106.005,0.215387,0.416
11020000,0,-2.51888,-105.146,0.0436171,0.4625
11040000,1,-10.3838,-97.7741,0.512415,0.509
11060000,0,-3.94095,-104.673,0.923773,0.3975
11080000,0,-3.44877,-108.341,0.0870007,0.455667
11100000,0,-3.09612,-105.911,0.318506,0.417
11120000,0,-2.61436,-108.747,0.250331,0.4825
11140000,1,-5.95512,-104.505,0.35066,0.472
11160000,0,-6.08958,-105.73,2.13626,0.42025
11180000,0,-2.88062,-104.084,0.0338482,0.4555
11200000,1,-7.1374,-98.2583,0.451494,0.5555
11220000,0,-3.36957,-108.271,1.04524,0.445262
11240000,0,-2.8075,-104.768,0.560508,0.461
11260000,1,-8.31041,-104.98,0.908935,0.4695
11280000,0,-3.41251,-105.697,1.09409,0.447
11300000,0,-2.45441,-103.903,0.293306,0.4375
11320000,0,-3.15874,-104.279,0.748802,0.449607
11340000,0,-2.48417,-104.637,0.137498,0.452
11360000,1,-6.76836,-106.641,1.10548,0.4525
11380000,1,-8.86635,-103.576,0.585691,0.407833
11400000,1,-8.27585,-106.929,1.09046,0.433375
11420000,0,-2.57946,-104.74,0.107095,0.40825
11440000,0,-3.22531,-103.658,1.08959,0.432625
11460000,3,-13.3358,-100.468,1.73602,0.50175
11480000,0,-2.34774,-104.09,0.0901262,0.4415
11500000,1,-9.27306,-105.694,1.69425,0.398
11520000,0,-2.40137,-107.403,0.164955,0.44975
11540000,0,-3.63536,-103.746,1.52387,0.4555
11560000,0,-2.7993,-105.136,0.141259,0.424667
11580000,0,-4.13988,-105.575,1.26391,0.4075
11600000,0,-2.39771,-104.512,0.146941,0.399
11620000,0,-3.33768,-107.289,0.0671697,0.4325
11640000,0,-2.96787,-105.659,0.149957,0.4489
11660000,0,-3.35465,-104.818,1.13069,0.436875
11680000,0,-3.28587,-103.114,1.16158,0.452
11700000,0,-3.8787,-103.756,0.194964,0.425
11720000,0,-3.01943,-105.709,0.56209,0.475
11740000,0,-2.71248,-104.304,0.108054,0.424833
11760000,0,-2.48525,-105.648,0.0954474,0.381
11780000,0,-2.1748,-104.068,0.0266319,0.449
11800000,0,-2.69546,-104.945,0.574208,0.4895
11820000,0,-2.76327,-103.079,0.617409,0.4515
11840000,0,-2.709,-103.595,0.580426,0.470333
11860000,0,-2.56798,-106.145,0.338843,0.394
11880000,1,-5.56403,-104.543,0.169312,0.46775
11900000,0,-2.81218,-103.627,0.463237,0.47
11920000,0,-2.65061,-104.018,0.436804,0.441846
11940000,0,-2.74848,-104.161,0.0898556,0.426
11960000,4,-20.2146,-101.431,1.78807,0.499333
11980000,2,-10.0831,-103.392,0.955938,0.519
12000000,0,-3.35574,-104.905,1.11492,0.425
12020000,0,-2.53342,-103.892,0.389917,0.4205
12040000,0,-2.88365,-104.047,0.533243,0.463
12060000,0,-3.936,-103.818,1.69212,0.469
12080000,0,-2.82929,-105.007,0.325608,0.4434
12100000,0,-5.50006,-106.894,1.21528,0.450667
12120000,0,-2.67085,-103.899,0.468951,0.408167
12140000,0,-3.48368,-103.925,1.2405,0.468
12160000,0,-3.58796,-105.488,0.898131,0.436333
12180000,1,-7.09375,-105.755,0.5636,0.5955
12200000,0,-2.83631,-106.119,0.232964,0.4395
12220000,0,-3.10116,-105.189,0.308184,0.44375
12240000,0,-2.77302,-103.411,0.600784,0.4235
12260000,0,-3.12011,-106.148,0.803917,0.4645
12280000,0,-2.31165,-103.699,0.109103,0.46475
12300000,0,-2.84385,-104.879,0.395623,0.5525
12320000,0,-2.91876,-105.509,0.567796,0.428
12340000,0,-2.6659,-104.413,0.52135,0.452062
12360000,0,-2.75086,-104.416,0.562749,0.444375
12380000,0,-2.39343,-103.708,0.213336,0.449833
12400000,1,-6.96559,-105.062,1.50576,0.4265
12420000,0,-3.13067,-104.62,0.943546,0.4486
12440000,1,-8.51056,-107.647,0.683752,0.430786
12460000,0,-2.71764,-107.831,0.343997,0.3895
12480000,0,-2.21795,-105.511,0.0178879,0.4125
12500000,1,-5.76901,-102.925,0.623617,0.434
12520000,0,-2.92441,-103.85,0.705563,0.432
12540000,0,-4.29554,-106.07,1.21248,0.4325
12560000,0,-2.52982,-104.619,0.223181,0.3885
12580000,0,-4.10765,-103.581,0.383474,0.479906
12600000,0,-2.46625,-105.008,0.296992,0.453667
12620000,0,-3.88463,-105.998,1.38493,0.381
12640000,0,-2.2243,-104.421,0.0610496,0.468385
12660000,1,-7.22485,-105.311,1.18671,0.4555
12680000,0,-2.38683,-107.669,0.0333385,0.4015
12700000,1,-7.82032,-105.454,1.34664,0.438214
12720000,0,-2.31499,-105.497,0.0496685,0.538
12740000,0,-2.65334,-104.247,0.214943,0.493667
12760000,1,-6.58013,-101.242,1.81859,0.447
12780000,0,-2.84604,-104.068,0.656166,0.394
12800000,0,-2.52171,-104.64,0.340614,0.47425
12820000,0,-2.987,-103.786,0.814025,0.409667
12840000,1,-10.3503,-104.792,2.16155,0.40625
12860000,0,-3.39568,-109.974,0.843471,0.418
12880000,0,-2.50735,-103.794,0.12829,0.396167
12900000,0,-2.52961,-104.507,0.30189,0.4325
12920000,0,-2.40874,-103.624,0.222249,0.511
12940000,0,-2.45325,-104.068,0.149473,0.4835
12960000,0,-2.2543,-103.683,0.0701361,0.4
12980000,2,-10.7052,-105.532,2.32607,0.407
13000000,0,-3.48862,-108.732,0.971837,0.49025
13020000,0,-2.24906,-106.207,0.107887,0.481773
13040000,0,-3.29145,-103.737,0.946608,0.47525
13060000,2,-12.3478,-104.182,2.242,0.49025
13080000,0,-2.35085,-103.515,0.115479,0.437833
13100000,0,-3.36792,-105.19,0.955685,0.454333
13120000,1,-4.98666,-104.57,0.289653,0.448667
13140000,0,-2.26823,-104.584,0.0406157,0.473167
13160000,0,-3.74792,-106.375,1.59673,0.472125
13180000,0,-2.48579,-105.509,0.0317778,0.4505
13200000,2,-11.019,-113.158,1.16781,0.4362
13220000,1,-6.45542,-104.416,1.18604,0.502
13240000,0,-2.99568,-108.542,0.35365,0.457833
13260000,0,-2.93939,-105.14,0.368044,0.44725
13280000,2,-13.5021,-106.686,2.24523,0.466625
13300000,0,-2.59236,-103.575,0.363727,0.507045
13320000,0,-3.13245,-105.704,0.517157,0.4345
13340000,0,-3.2178,-103.59,0.753787,0.449
13360000,0,-2.90914,-105.533,0.46331,0.42375
13380000,0,-2.43095,-106.548,0.365891,0.443
13400000,0,-2.39,-103.932,0.11629,0.459333
13420000,0,-2.59822,-105.738,0.376257,0.4425
13440000,2,-14.9414,-99.5455,1.76271,0.459583
13460000,4,-18.4148,-107.172,2.68511,0.544
13480000,0,-3.17708,-108.829,0.306987,0.4015
13500000,0,-2.88733,-105.133,0.248112,0.45725
13520000,0,-2.55005,-105.679,0.225244,0.4205
13540000,0,-3.15291,-105.689,0.854086,0.49
13560000,2,-16.5237,-106.625,0.661996,0.44
13580000,0,-2.63048,-104.143,0.111603,0.461
13600000,0,-3.02437,-103.986,0.481823,0.436
13620000,0,-2.90673,-106.322,0.606344,0.4075
13640000,1,-7.95585,-105.161,1.56323,0.414563
13660000,0,-2.65957,-106.356,0.183048,0.393
13680000,0,-2.47305,-105.995,0.341716,0.419875
13700000,1,-6.52374,-103.931,1.44941,0.468591
13720000,0,-2.86107,-104.565,0.488795,0.538167
13740000,2,-8.98426,-101.174,0.55858,0.537318
13760000,0,-2.43692,-103.404,0.147974,0.523
13780000,0,-2.82176,-107.038,0.385243,0.505808
13800000,0,-2.4581,-103.169,0.315394,0.4775
13820000,0,-2.4702,-103.955,0.278059,0.416
13840000,0,-3.3872,-104.714,0.977734,0.44625
13860000,1,-6.47679,-104.514,1.8116,0.4785
13880000,1,-6.49005,-105.317,0.650403,0.4725
13900000,0,-2.84165,-103.222,0.732867,0.3775
13920000,0,-2.59114,-104.325,0.448608,0.4005
13940000,0,-2.41196,-104.105,0.085012,0.4519
13960000,1,-8.13358,-104.625,1.94049,0.4495
13980000,0,-3.43363,-103.751,0.819364,0.4335
14000000,0,-2.81007,-104.67,0.359121,0.4335
14020000,0,-2.73379,-103.88,0.0168583,0.4195
14040000,1,-7.37579,-97.8146,1.48906,0.5125
14060000,3,-15.9304,-100.842,1.91784,0.501
14080000,0,-3.05297,-107.911,0.474517,0.482
14100000,0,-4.30264,-104.196,0.191177,0.477545
14120000,1,-8.74556,-103.389,1.8833,0.4725
14140000,0,-3.37674,-104.678,0.655088,0.4655
14160000,0,-2.46815,-105.719,0.208962,0.4555
14180000,0,-2.30199,-104.306,0.122705,0.396
14200000,1,-6.79619,-105.749,0.314794,0.43075
14220000,0,-3.30757,-103.798,0.957597,0.561
14240000,1,-8.80872,-104.254,1.54143,0.437
14260000,0,-2.52114,-104.18,0.0430799,0.459375
14280000,0,-5.32877,-104.397,0.406854,0.495231
14300000,1,-8.59679,-103.842,0.809145,0.4245
14320000,0,-2.45073,-103.867,0.286495,0.4395
14340000,0,-3.40991,-104.995,0.52474,0.48
14360000,0,-3.11976,-105.796,0.438858,0.424875
14380000,0,-3.10042,-106.664,0.736897,0.4144
14400000,0,-2.99129,-104.625,0.610121,0.441875
14420000,1,-6.51978,-104.451,1.69334,0.421857
14440000,0,-2.908,-105.62,0.267361,0.4575
14460000,0,-2.25516,-105.187,0.15518,0.4554
14480000,0,-2.72237,-103.723,0.574145,0.463625
14500000,0,-2.58844,-106.018,0.0564623,0.417
14520000,0,-2.55354,-104.483,0.0904492,0.417833
14540000,0,-2.51628,-103.057,0.354154,0.427
14560000,0,-2.95485,-106.502,0.0169851,0.44825
14580000,1,-9.81371,-98.6174,0.965867,0.52225
14600000,0,-2.54018,-105.072,0.276601,0.4065
14620000,1,-6.77852,-103.636,0.12222,0.433333
14640000,0,-2.14321,-104.289,0.00457111,0.462944
14660000,0,-2.61554,-103.789,0.406046,0.44925
14680000,1,-7.47932,-103.809,0.379189,0.517
14700000,0,-2.39814,-104.54,0.0681921,0.4525
14720000,1,-7.31556,-105.837,0.873735,0.4465
14740000,0,-2.99514,-103.439,0.833874,0.432833
14760000,0,-2.53758,-103.09,0.409186,0.4297
14780000,1,-6.6324,-102.541,0.490552,0.51025
14800000,1,-6.35753,-104.256,0.890714,0.403
14820000,0,-2.63581,-103.92,0.167069,0.422333
14840000,0,-2.28017,-104.223,0.0853504,0.468187
14860000,0,-2.28234,-103.262,0.0988483,0.481
14880000,0,-4.08095,-105.394,1.70878,0.388
14900000,0,-2.68481,-104.834,0.470868,0.47975
14920000,0,-3.85078,-107.506,1.56811,0.4632
14940000,0,-3.05977,-106.598,0.229739,0.5355
14960000,0,-2.8045,-106.024,0.174,0.4525
14980000,1,-5.48099,-103.498,0.0890442,0.4544
15000000,0,-2.94102,-104.036,0.682823,0.441625
15020000,0,-2.94088,-103.882,0.405718,0.4675
15040000,1,-8.35057,-103.292,0.762934,0.493
15060000,0,-3.31601,-103.691,1.02575,0.436
15080000,0,-2.75966,-105.583,0.133898,0.468
15100000,0,-3.11059,-105.945,0.635799,0.476567
15120000,0,-2.84574,-105.483,0.527274,0.4145
15140000,0,-4.0954,-104.376,1.61429,0.4555
15160000,0,-2.40348,-106.253,0.03393,0.442286
15180000,0,-4.32404,-105.903,2.14312,0.4511
15200000,0,-3.4454,-108.786,0.467176,0.4405
15220000,0,-3.63647,-104.947,1.32313,0.437
15240000,1,-6.0235,-101.671,0.437349,0.51225
15260000,0,-3.48233,-110.057,0.644753,0.42025
15280000,0,-2.09392,-106.287,0.00811486,0.444375
15300000,2,-11.1006,-105.545,1.90881,0.4735
15320000,0,-2.62138,-105.55,0.163767,0.466321
15340000,0,-2.21657,-106.269,0.00863735,0.4495
15360000,0,-2.44408,-106.408,0.184682,0.433
15380000,0,-2.42522,-106.621,0.21111,0.4485
15400000,0,-2.36275,-103.405,0.21166,0.4035
15420000,3,-13.3409,-99.5485,1.13378,0.6005
15440000,3,-13.0619,-103.068,1.90675,0.5505
15460000,0,-2.27557,-103.328,0.0881255,0.423
15480000,0,-3.37959,-104.838,0.625895,0.44125
15500000,2,-10.5796,-95.2366,1.31143,0.56425
15520000,1,-6.04713,-103.476,0.66174,0.459214
15540000,1,-5.30979,-103.016,0.737811,0.4185
15560000,0,-2.942,-104.607,0.329864,0.4305
15580000,1,-10.6846,-106.642,2.44525,0.457667
15600000,0,-4.08286,-103.751,1.85872,0.5135
15620000,0,-2.59718,-103.826,0.49389,0.427
15640000,0,-2.84537,-104.692,0.614674,0.42
15660000,0,-2.38352,-103.748,0.22561,0.4709
15680000,0,-2.70148,-104.261,0.285044,0.427
15700000,0,-3.20462,-104.892,0.434161,0.414875
15720000,1,-9.12815,-104.424,2.91421,0.4075
15740000,0,-3.77795,-104.492,1.1475,0.42125
15760000,1,-5.11037,-99.9151,0.23165,0.555667
15780000,1,-5.07739,-109.511,0.401497,0.4562
15800000,0,-2.46022,-107.086,0.0114586,0.412
15820000,1,-6.11172,-103.975,0.678267,0.492375
15840000,0,-2.76535,-105.932,0.0734194,0.459
15860000,0,-4.09723,-109.893,0.46812,0.478682
15880000,0,-2.24337,-105.09,0.0647025,0.44915
15900000,0,-2.82327,-107.064,0.274102,0.465429
15920000,0,-2.57889,-104.341,0.10015,0.427
15940000,2,-9.24643,-104.066,0.901833,0.4517
15960000,1,-5.21757,-104.25,0.267593,0.4375
15980000,0,-3.00966,-106.315,0.223234,0.45725
16000000,1,-6.21986,-103.727,0.712103,0.459167
16020000,0,-2.99015,-107.009,0.372917,0.446857
16040000,0,-2.51069,-104.567,0.0676616,0.44475
16060000,1,-11.4186,-105.378,0.340525,0.5145
16080000,2,-9.06792,-97.9466,0.331521,0.538875
16100000,0,-2.37461,-105.461,0.215632,0.471833
16120000,1,-6.76395,-97.6072,1.53431,0.4815
16140000,0,-2.90168,-104.337,0.682068,0.50975
16160000,1,-6.78591,-107.805,0.149738,0.4825
16180000,0,-2.27731,-103.168,0.0571578,0.4345
16200000,0,-2.79726,-106.787,0.0830146,0.502
16220000,0,-2.67456,-104.33,0.551253,0.43175
16240000,0,-2.74988,-106.441,0.183864,0.4385
16260000,0,-2.40163,-105.415,0.00877378,0.476778
16280000,0,-2.45633,-105.728,0.183114,0.5815
16300000,3,-12.6198,-102.518,1.94277,0.4732
16320000,2,-10.0366,-104.474,0.780882,0.4315
16340000,0,-2.95776,-104.254,0.767996,0.4035
16360000,0,-2.24654,-104.815,0.0620569,0.482375
16380000,4,-27.5448,-102.647,2.00934,0.4668
16400000,2,-12.7926,-105.781,2.54539,0.483167
16420000,0,-2.65202,-105.837,0.381797,0.418
16440000,1,-6.29326,-104.106,0.483427,0.479
16460000,0,-2.52757,-105.636,0.397399,0.43525
16480000,0,-2.6078,-104.174,0.450166,0.527
16500000,0,-2.77576,-104.888,0.408102,0.425
16520000,0,-4.48482,-105.518,2.13579,0.471625
16540000,2,-9.48951,-101.208,0.543516,0.491611
16560000,0,-2.32847,-104.618,0.20659,0.492812
16580000,1,-8.53235,-106.244,0.99696,0.494
16600000,1,-5.34492,-104.466,0.181642,0.49775
16620000,0,-2.98568,-104.772,0.448355,0.448357
16640000,0,-2.53733,-103.279,0.338128,0.488
16660000,0,-3.12479,-103.579,0.91781,0.4575
16680000,0,-3.76113,-105.957,0.742121,0.392
16700000,0,-3.84335,-107.17,0.945661,0.4075
16720000,0,-3.05717,-105.223,0.463227,0.446
16740000,2,-11.1934,-101.588,0.768437,0.503167
16760000,1,-11.6206,-105.395,0.914253,0.5335
16780000,1,-7.19315,-105.584,1.44228,0.49375
16800000,0,-2.99383,-105.963,0.743939,0.4165
16820000,0,-2.67064,-103.983,0.309825,0.5045
16840000,0,-2.20953,-104.626,0.0516847,0.473333
16860000,0,-3.09999,-105.738,0.188366,0.424
16880000,0,-3.04642,-104.391,0.746688,0.442
16900000,1,-7.0388,-102.967,0.247238,0.403
16920000,0,-2.56201,-105.374,0.290242,0.463
16940000,1,-7.3977,-106.129,1.38848,0.5005
16960000,0,-2.78243,-104.493,0.524688,0.453
16980000,1,-7.50917,-105.833,0.380367,0.4415
17000000,2,-14.1485,-105.29,4.9545,0.5165
17020000,0,-3.17267,-103.557,0.283464,0.459
17040000,1,-8.68778,-105.079,1.96399,0.470833
17060000,0,-4.33542,-103.898,2.03677,0.46225
17080000,0,-2.37667,-103.544,0.163493,0.42175
17100000,1,-5.98466,-104.643,0.622771,0.481125
17120000,0,-2.43903,-104.306,0.0652245,0.46175
17140000,1,-6.66841,-104.825,0.212258,0.443083
17160000,1,-6.03179,-104.791,0.688555,0.4735
17180000,0,-2.79622,-104.073,0.556289,0.436286
17200000,0,-2.44379,-104.563,0.188006,0.45
17220000,0,-2.57056,-103.558,0.140325,0.3775
17240000,0,-2.67281,-104.184,0.133072,0.460583
17260000,1,-6.07104,-107.6,0.917715,0.4345
17280000,0,-4.17225,-104.59,1.88318,0.43925
17300000,1,-5.39642,-107.793,0.57285,0.4593
17320000,1,-9.51038,-106.355,2.05123,0.407
17340000,1,-8.5169,-103.607,2.37571,0.453833
17360000,0,-2.67037,-103.207,0.511188,0.476
17380000,0,-2.52643,-104.023,0.352228,0.471722
17400000,0,-4.65824,-107.237,0.224279,0.460042
17420000,0,-2.32028,-104.338,0.00478099,0.451643
17440000,2,-12.0593,-104.847,0.623627,0.475925
17460000,0,-3.19173,-108.89,0.657339,0.4737
17480000,0,-2.96438,-103.938,0.00426365,0.447962
17500000,0,-2.80007,-104.019,0.636134,0.4985
17520000,2,-11.8884,-105.531,3.04141,0.463
17540000,0,-2.74217,-103.41,0.294346,0.4415
17560000,1,-7.06419,-104.215,0.329531,0.481
17580000,1,-7.70846,-105.622,1.88855,0.46675
17600000,0,-2.64472,-104.227,0.0302802,0.4375
17620000,0,-3.09488,-106.068,0.143263,0.4285
17640000,0,-2.68437,-103.488,0.549731,0.4475
17660000,0,-2.48926,-103.818,0.220202,0.48025
17680000,0,-3.1964,-109.417,0.123643,0.4065
17700000,0,-3.4343,-104.423,1.18956,0.4331
17720000,0,-2.56005,-104.989,0.278315,0.4408
17740000,1,-6.93625,-100.287,0.491265,0.5965
17760000,0,-2.32811,-106.559,0.108667,0.4195
17780000,0,-3.56217,-105.216,0.604059,0.45475
17800000,1,-6.49652,-105.257,0.905441,0.41675
17820000,0,-2.54691,-106.072,0.295395,0.475556
17840000,0,-4.03625,-103.333,1.47397,0.56225
17860000,0,-4.03697,-103.718,1.40597,0.495
17880000,1,-8.93079,-98.358,0.920863,0.43225
17900000,0,-3.05804,-103.747,0.734742,0.475125
17920000,0,-3.16174,-103.988,1.01469,0.454875
17940000,1,-6.51208,-105.921,0.737832,0.4425
17960000,0,-2.91402,-104.568,0.813973,0.46175
17980000,0,-3.23679,-103.476,0.868509,0.463
18000000,0,-2.60092,-104.606,0.390907,0.425
18020000,0,-2.7389,-103.735,0.615495,0.4515
18040000,1,-5.96638,-105.634,0.999323,0.402
18060000,0,-2.30541,-103.943,0.137589,0.457231
18080000,0,-3.63852,-104.137,0.104653,0.4305
18100000,3,-15.7993,-109.167,2.40646,0.5795
18120000,0,-2.52325,-103.385,0.377213,0.4715
18140000,0,-2.58274,-108.57,0.178492,0.479958
18160000,0,-2.185,-105.266,0.0370405,0.463
18180000,0,-3.03069,-104.823,0.633734,0.5045
18200000,0,-5.15713,-103.772,1.05767,0.453143
18220000,1,-7.96698,-98.6622,0.916693,0.552
18240000,0,-2.3719,-104.207,0.152765,0.44525
18260000,3,-14.4517,-99.8834,2.9394,0.591
18280000,0,-2.23866,-103.161,0.124338,0.41
18300000,0,-2.82956,-103.551,0.703544,0.472438
18320000,1,-7.53501,-102.621,2.23928,0.4641
18340000,0,-4.16054,-103.939,0.968411,0.47675
18360000,0,-2.43052,-103.38,0.0750036,0.443833
18380000,0,-2.46746,-104.155,0.379466,0.49925
18400000,0,-3.2866,-106.581,0.403687,0.432
18420000,2,-11.7797,-103.701,3.59132,0.601
18440000,0,-2.45371,-105.897,0.111189,0.461667
18460000,0,-2.22309,-103.375,0.0802578,0.426
18480000,0,-3.11562,-105.795,0.878549,0.441
18500000,0,-2.3052,-103.905,0.151413,0.4665
18520000,1,-8.85277,-104.798,0.975647,0.48825
18540000,1,-7.15249,-103.195,1.06072,0.401
18560000,0,-2.3968,-105.679,0.192687,0.394
18580000,0,-3.30117,-105.259,0.690022,0.39
18600000,1,-6.48009,-106.912,0.367506,0.4407
18620000,1,-6.16747,-101.984,0.853559,0.462125
18640000,1,-7.88037,-105.884,1.21828,0.444
18660000,1,-6.6717,-104.786,0.688188,0.4432
18680000,0,-2.46213,-105.2,0.269438,0.4565
18700000,1,-7.07966,-108.358,0.198414,0.434
18720000,0,-2.87427,-105.111,0.632638,0.4651
18740000,0,-4.69532,-106.346,0.546071,0.4105
18760000,0,-3.16943,-105.87,0.0358899,0.4315
18780000,0,-2.64286,-104.337,0.4582,0.44125
18800000,0,-3.79594,-104.487,1.33356,0.4275
18820000,0,-2.2049,-103.166,0.0942701,0.4767
18840000,0,-2.88169,-106.442,0.15604,0.444727
18860000,0,-2.30478,-104.193,0.12242,0.475083
18880000,0,-2.75407,-105.379,0.21809,0.42025
18900000,2,-11.1872,-103.415,0.737246,0.4675
18920000,0,-3.01129,-103.811,0.704031,0.48375
18940000,0,-2.29108,-103.416,0.122592,0.465
18960000,0,-2.63085,-105.215,0.448956,0.4412
18980000,0,-2.40027,-105.432,0.199203,0.475125
19000000,1,-6.7036,-107.969,1.93006,0.441263
19020000,0,-4.49525,-103.741,0.0328335,0.442
19040000,0,-2.52278,-104.197,0.237475,0.463857
19060000,0,-3.22877,-107.762,0.135052,0.438875
19080000,0,-2.65597,-104.238,0.388683,0.440423
19100000,0,-2.34696,-103.322,0.223765,0.4595
19120000,1,-8.143,-104.929,1.0778,0.4668
19140000,0,-2.67031,-105.804,0.439581,0.4875
19160000,0,-2.38455,-103.974,0.120798,0.46925
19180000,0,-2.82647,-105.902,0.754131,0.430667
19200000,1,-11.2432,-105.31,2.50948,0.43725
19220000,0,-2.54231,-104.038,0.153388,0.449167
19240000,1,-7.65496,-106.186,0.657638,0.4385
19260000,1,-11.9591,-97.0852,0.608552,0.56325
19280000,1,-5.99636,-97.1207,0.449346,0.583
19300000,0,-2.52733,-104.051,0.365015,0.418
19320000,0,-3.78588,-105.058,1.619,0.43975
19340000,0,-3.78527,-103.853,1.49975,0.4265
19360000,1,-8.52838,-98.7153,1.1824,0.544
19380000,0,-4.69706,-105.335,0.0454343,0.4515
19400000,0,-3.38608,-104.805,0.0335683,0.4515
19420000,1,-5.18168,-108.245,0.186299,0.4585
19440000,0,-2.71164,-103.569,0.437504,0.472
19460000,1,-8.16201,-99.5096,1.9542,0.438
19480000,0,-2.7078,-106.235,0.295786,0.4825
19500000,0,-2.49525,-104.569,0.010609,0.455333
19520000,2,-11.3702,-96.7667,1.75986,0.475333
19540000,0,-3.18275,-105.032,0.847011,0.468
19560000,0,-3.209,-104.865,0.591665,0.489625
19580000,0,-2.38251,-103.844,0.239009,0.44025
19600000,0,-2.46767,-105.198,0.158238,0.440167
19620000,0,-3.10103,-104.046,0.701478,0.455
19640000,1,-5.59594,-99.5519,0.396167,0.5439
19660000,0,-2.36344,-104.437,0.123222,0.466714
19680000,3,-10.8024,-104.492,0.389607,0.461
19700000,0,-2.46771,-107.031,0.0792487,0.457
19720000,0,-2.29192,-107.389,0.244879,0.502667
19740000,0,-5.2293,-104.274,1.38512,0.43
19760000,0,-2.2925,-105.091,0.09643,0.4515
19780000,1,-6.69411,-103.328,1.60333,0.4965
19800000,0,-2.12635,-103.704,0.022031,0.479667
19820000,0,-2.88679,-106.892,0.335448,0.463929
19840000,0,-3.7647,-103.213,1.66291,0.441625
19860000,0,-2.30157,-103.464,0.208151,0.401
19880000,0,-2.4415,-105.573,0.150648,0.4075
19900000,0,-2.41213,-103.487,0.2179,0.4145
19920000,0,-2.41575,-104.822,0.21257,0.511667
19940000,1,-4.74661,-106.604,0.147447,0.4395
19960000,0,-2.95932,-103.749,0.193534,0.466
19980000,0,-2.87338,-105.384,0.0692267,0.4643
