generation,N_shifts,logPrior,logLik,eventRate,acceptRate
0,0,-2.57653,-221.274,0.668265,1
20000,0,-3.59726,-103.827,0.288388,0.41525
40000,0,-2.32004,-103.569,0.149103,0.4527
60000,0,-2.54878,-103.812,0.274236,0.403
80000,1,-5.85523,-102.536,0.965557,0.4585
100000,0,-2.522,-103.772,0.395042,0.446143
120000,1,-5.85926,-96.3977,0.324668,0.471167
140000,1,-7.60012,-104.956,2.01623,0.455458
160000,1,-5.80109,-104.873,1.17339,0.441214
180000,0,-2.47154,-103.748,0.134759,0.489714
200000,0,-3.41152,-104.946,0.799717,0.4735
220000,1,-8.44159,-106.949,0.122386,0.43325
240000,2,-10.6575,-90.6594,1.57951,0.5705
260000,0,-2.91139,-105.535,0.712472,0.4434
280000,0,-2.29367,-104.409,0.149242,0.4571
300000,0,-2.72098,-106.594,0.269194,0.458333
320000,0,-2.71026,-105.742,0.503674,0.446083
340000,0,-4.26081,-107.333,0.722767,0.4518
360000,0,-3.04042,-105.511,0.0272708,0.428167
380000,2,-10.5235,-106.83,1.30848,0.4985
400000,0,-2.41285,-103.265,0.292685,0.500136
420000,0,-2.20358,-103.264,0.0445323,0.50775
440000,0,-2.7698,-105.833,0.508242,0.4105
460000,0,-4.82551,-104.894,1.78361,0.452167
480000,0,-3.59523,-105.129,0.92238,0.4241
500000,0,-3.21264,-104.005,1.06941,0.3955
520000,0,-2.47366,-104.089,0.0553405,0.413
540000,0,-6.46875,-106.189,0.267266,0.4825
560000,0,-2.56326,-104.759,0.279156,0.43875
580000,1,-6.33773,-96.8576,1.0711,0.55425
600000,1,-5.21105,-101.465,0.220114,0.487071
620000,0,-2.48057,-106.508,0.156538,0.4795
640000,0,-2.64161,-103.859,0.436921,0.467333
660000,1,-5.57874,-102.49,0.931119,0.4635
680000,0,-2.17601,-103.391,0.0312154,0.46
700000,0,-2.55338,-105.418,0.101134,0.4508
720000,0,-2.67199,-104.627,0.291501,0.3975
740000,0,-2.88128,-104.101,0.501041,0.444786
760000,1,-6.8024,-105.218,0.606283,0.4687
780000,0,-2.25375,-106.918,0.00624263,0.435333
800000,0,-2.81386,-105.918,0.222271,0.5355
820000,0,-3.2913,-107.515,0.0487431,0.5345
840000,0,-2.73699,-105.291,0.544797,0.42
860000,0,-3.0944,-104.948,0.565948,0.4575
880000,0,-2.76331,-108.023,0.417164,0.4195
900000,0,-2.77385,-104.674,0.0360339,0.4465
920000,0,-2.83492,-103.901,0.387833,0.41025
940000,0,-3.9888,-104.584,1.28106,0.44175
960000,0,-2.7197,-105.334,0.275499,0.46475
980000,0,-2.34077,-103.805,0.142519,0.4485
1000000,0,-2.89082,-106.975,0.121938,0.436
1020000,0,-5.27023,-104.842,2.72724,0.460917
1040000,0,-3.01887,-108.265,0.145602,0.445875
1060000,0,-5.38057,-103.783,0.562007,0.4865
1080000,0,-6.26837,-106.705,2.53279,0.450375
1100000,0,-2.13628,-103.153,0.00792885,0.4655
1120000,0,-2.29626,-104.159,0.0543432,0.47475
1140000,0,-2.44036,-103.614,0.317304,0.446
1160000,0,-4.12182,-104.603,0.260902,0.4945
1180000,1,-10.0919,-98.9777,0.71339,0.531438
1200000,0,-3.26524,-103.659,0.109096,0.469
1220000,0,-2.53475,-105.235,0.415202,0.39925
1240000,0,-2.75253,-104.158,0.180498,0.439389
1260000,1,-6.23171,-106.648,0.729673,0.464375
1280000,5,-24.3961,-107.305,5.04286,0.470667
1300000,0,-2.34796,-103.585,0.153224,0.4405
1320000,3,-17.2831,-95.426,3.5166,0.6165
1340000,0,-2.83021,-104.15,0.458197,0.4783
1360000,0,-4.36857,-103.731,1.99792,0.4545
1380000,0,-2.39739,-106.51,0.0596101,0.553
1400000,0,-2.45307,-103.692,0.295549,0.5005
1420000,0,-2.95672,-105.406,0.260495,0.4695
1440000,0,-2.88417,-103.793,0.633905,0.413875
1460000,0,-2.69056,-105.179,0.0770552,0.428
1480000,1,-7.68633,-105.112,0.448807,0.454167
1500000,0,-2.54437,-103.522,0.415864,0.45225
1520000,0,-3.49262,-104.848,1.11296,0.4375
1540000,0,-2.84824,-103.907,0.458793,0.431364
1560000,0,-2.78866,-104.398,0.660428,0.438
1580000,0,-5.47385,-106.485,1.18168,0.40575
1600000,1,-6.71058,-103.599,0.807051,0.452
1620000,0,-2.38827,-106.401,0.198456,0.432625
1640000,0,-3.28782,-103.714,1.11657,0.48225
1660000,1,-8.64908,-104.776,1.20665,0.4785
1680000,1,-7.49025,-97.4445,0.235536,0.533
1700000,0,-2.53717,-105.162,0.188654,0.44055
1720000,3,-14.3461,-102.298,1.39486,0.414
1740000,0,-2.28289,-103.597,0.0677281,0.42125
1760000,0,-3.12475,-105.559,0.412,0.445625
1780000,2,-8.73536,-110.717,0.20749,0.4535
1800000,3,-18.8562,-100.648,3.15912,0.478
1820000,0,-2.50018,-104.482,0.0190715,0.522
1840000,0,-3.34945,-104.808,0.967464,0.45675
1860000,0,-2.94862,-106.77,0.191623,0.465
1880000,0,-2.74448,-105.37,0.315731,0.481625
1900000,0,-2.57984,-105.939,0.423793,0.420083
1920000,0,-2.72036,-103.68,0.608017,0.495
1940000,0,-3.01402,-105.345,0.443574,0.445
1960000,0,-2.80371,-104.648,0.269608,0.3865
1980000,0,-2.8192,-105.184,0.27873,0.422
2000000,0,-3.19163,-104.625,0.991153,0.40925
2020000,0,-2.22762,-105.174,0.0590853,0.508231
2040000,0,-2.28238,-103.39,0.0836751,0.426167
2060000,0,-2.84589,-104.18,0.659484,0.404
2080000,0,-3.0982,-105.312,0.281277,0.441667
2100000,0,-3.13395,-105.216,0.23381,0.440425
2120000,0,-3.19158,-103.616,1.05407,0.4105
2140000,0,-5.7989,-104.593,3.48721,0.469667
2160000,0,-3.12039,-104.642,0.326505,0.44625
2180000,0,-2.619,-103.55,0.339045,0.47
2200000,0,-2.73211,-104.141,0.51092,0.449889
2220000,0,-4.26762,-106.585,1.51194,0.452
2240000,0,-2.59039,-104.28,0.221429,0.4175
2260000,1,-5.7878,-103.422,1.08904,0.469357
2280000,0,-3.63583,-104.743,0.138583,0.426
2300000,0,-2.77984,-104.1,0.42097,0.481875
2320000,0,-2.81483,-104.337,0.428647,0.47625
2340000,1,-7.4649,-106.187,0.239731,0.5645
2360000,0,-2.43228,-105.965,0.00013329,0.457167
2380000,0,-2.66807,-104.66,0.306107,0.438
2400000,0,-3.41249,-105.634,0.402097,0.445423
2420000,0,-2.42572,-103.637,0.114765,0.4235
2440000,0,-3.38538,-106.035,0.319375,0.4958
2460000,0,-2.84414,-104.435,0.39501,0.5075
2480000,0,-3.57005,-103.564,1.4362,0.49
2500000,0,-2.39533,-104.813,0.133257,0.4175
2520000,0,-4.94899,-104.38,1.04229,0.4685
2540000,1,-5.57191,-105.395,0.0301406,0.440571
2560000,1,-17.5304,-101.18,0.943783,0.429
2580000,0,-2.74047,-104.326,0.494282,0.464875
2600000,0,-2.99831,-107.169,0.651538,0.500333
2620000,0,-3.69605,-104.698,0.763035,0.512889
2640000,0,-2.49255,-103.252,0.370067,0.5065
2660000,1,-9.62238,-102.139,1.36975,0.4771
2680000,0,-2.92815,-105.577,0.616584,0.431333
2700000,0,-3.01697,-105.847,0.0765908,0.50525
2720000,0,-3.81538,-104.426,1.54874,0.43475
2740000,0,-2.1643,-103.799,0.043996,0.4745
2760000,0,-2.38814,-104.427,0.178042,0.449333
2780000,0,-3.10335,-104.045,0.185258,0.4035
2800000,0,-2.76716,-106.747,0.150423,0.4905
2820000,0,-2.31627,-103.556,0.0112567,0.4265
2840000,0,-2.78242,-104.905,0.541298,0.4445
2860000,0,-2.77413,-103.821,0.324862,0.4465
2880000,0,-2.87028,-105.196,0.575893,0.4524
2900000,0,-2.426,-103.945,0.0800416,0.416167
2920000,0,-3.06812,-104.101,0.769822,0.3675
2940000,0,-3.19103,-103.622,0.225117,0.4696
2960000,0,-2.8929,-104.737,0.693019,0.465375
2980000,0,-2.52069,-107.082,0.152155,0.447375
3000000,1,-6.94928,-103.666,0.83474,0.4315
3020000,0,-2.41487,-104.666,0.212037,0.4045
3040000,0,-3.00803,-104.69,0.0885544,0.502286
3060000,0,-4.25203,-104.491,0.340133,0.48
3080000,0,-3.79309,-103.37,1.54532,0.505179
3100000,1,-7.50727,-98.04,2.50634,0.516056
3120000,0,-2.92573,-106.927,0.166421,0.4655
3140000,1,-9.22309,-105.1,2.022,0.419
3160000,0,-3.73917,-104.754,0.962228,0.467
3180000,0,-2.74055,-104.184,0.590994,0.489
3200000,0,-2.81956,-103.58,0.679073,0.456333
3220000,1,-7.70886,-103.829,1.94987,0.450033
3240000,0,-2.73458,-104.162,0.309671,0.437
3260000,0,-2.25826,-105.479,0.0615837,0.4475
3280000,1,-7.02995,-108.25,0.750079,0.4491
3300000,0,-2.89319,-105.435,0.681641,0.516
3320000,0,-2.92083,-105.448,0.69086,0.45025
3340000,0,-2.63278,-104.871,0.470988,0.429667
3360000,0,-2.28884,-103.331,0.151027,0.468
3380000,1,-11.841,-98.2699,1.2169,0.573083
3400000,2,-9.96084,-108.162,2.04468,0.511
3420000,1,-5.18861,-104,0.604576,0.454192
3440000,0,-2.40801,-106.192,0.0461586,0.4105
3460000,0,-2.50335,-105.419,0.296641,0.4595
3480000,0,-3.29643,-104.27,1.08105,0.422667
3500000,2,-11.3233,-95.3464,1.64771,0.577375
3520000,1,-6.39602,-108.602,0.114256,0.43825
3540000,0,-2.88176,-103.986,0.505344,0.3825
3560000,1,-6.79793,-102.479,1.6196,0.419
3580000,1,-8.73649,-97.9247,0.665818,0.4725
3600000,0,-4.50276,-106.045,0.389009,0.480375
3620000,1,-8.70052,-97.6445,0.533613,0.464375
3640000,0,-3.47083,-105.084,1.01459,0.5045
3660000,0,-2.44619,-103.628,0.00614281,0.46
3680000,1,-6.70303,-95.7156,0.364122,0.51525
3700000,1,-7.38233,-99.2187,1.46916,0.5465
3720000,0,-2.9306,-105.204,0.350799,0.448
3740000,0,-3.22496,-104.88,0.812777,0.4514
3760000,0,-3.36437,-103.661,0.260327,0.3905
3780000,0,-2.92514,-103.906,0.620149,0.52825
3800000,1,-4.66853,-103.314,0.458251,0.5055
3820000,0,-2.35356,-105.056,0.209607,0.45025
3840000,0,-2.96721,-103.79,0.529566,0.441
3860000,0,-2.78521,-108.405,0.287414,0.445625
3880000,0,-4.87249,-103.354,0.23693,0.4255
3900000,0,-2.59428,-104.537,0.368775,0.41625
3920000,0,-2.25981,-104.313,0.125166,0.4495
3940000,0,-3.45038,-106.174,1.09895,0.437
3960000,2,-9.87506,-108.119,1.35031,0.4318
3980000,0,-4.88718,-103.82,0.00987983,0.428
4000000,0,-2.26579,-105.198,0.0483964,0.448875
4020000,3,-13.4275,-98.7084,2.05652,0.465919
4040000,1,-7.8134,-102.431,2.23356,0.494167
4060000,0,-2.73134,-104.492,0.53449,0.4225
4080000,0,-2.2571,-104.408,0.11848,0.455375
4100000,0,-2.30794,-103.36,0.17993,0.4424
4120000,0,-2.63534,-103.324,0.455536,0.43875
4140000,0,-2.71601,-103.699,0.562693,0.505875
4160000,1,-8.07406,-104.568,0.475159,0.5285
4180000,0,-2.46269,-104.435,0.327883,0.443
4200000,0,-2.32099,-103.496,0.182772,0.38
4220000,0,-2.49923,-104.875,0.310662,0.4314
4240000,1,-13.693,-109.303,0.945228,0.46225
4260000,0,-3.41249,-103.853,0.585931,0.4695
4280000,0,-3.00694,-104.746,0.712095,0.450368
4300000,1,-4.76807,-104.806,0.105492,0.5335
4320000,0,-2.95072,-103.65,0.806304,0.3845
4340000,0,-2.5649,-104.665,0.413483,0.520433
4360000,0,-2.3945,-104.145,0.149206,0.4422
4380000,0,-2.78087,-105.523,0.519318,0.429667
4400000,0,-2.70257,-106.294,0.0152235,0.3975
4420000,0,-4.03091,-103.888,0.225079,0.4645
4440000,0,-2.98107,-105.185,0.213033,0.45375
4460000,0,-2.2498,-103.824,0.0461201,0.396
4480000,0,-3.01822,-105.004,0.170127,0.4335
4500000,0,-2.72927,-104.136,0.472117,0.505
4520000,1,-8.32521,-97.5947,2.26527,0.506
4540000,1,-5.92155,-105.501,0.239294,0.448188
4560000,0,-2.68715,-105.551,0.417841,0.523
4580000,0,-2.26474,-105.075,0.0674378,0.4445
4600000,1,-5.04379,-101.329,0.341445,0.546333
4620000,0,-2.85876,-104.864,0.591094,0.4395
4640000,0,-2.48678,-105.237,0.101003,0.415
4660000,0,-2.93277,-104.85,0.804619,0.402
4680000,2,-13.5644,-99.2844,3.06198,0.463
4700000,0,-2.16502,-105.039,0.00340282,0.364
4720000,1,-9.58561,-98.0549,0.278232,0.482714
4740000,0,-2.71205,-104.249,0.361827,0.479833
4760000,0,-2.43947,-104.652,0.27647,0.4345
4780000,0,-3.34834,-103.562,1.04814,0.446548
4800000,1,-6.60677,-102.629,0.509195,0.4535
4820000,0,-3.43953,-104.483,0.77824,0.4385
4840000,0,-2.23985,-104.236,0.0760731,0.435875
4860000,1,-11.1541,-97.7808,3.14085,0.55275
4880000,0,-2.41947,-104.693,0.312378,0.432
4900000,0,-3.86483,-108.221,0.50384,0.398167
4920000,0,-2.90539,-104.528,0.428618,0.4465
4940000,0,-2.93062,-104.012,0.635094,0.4515
4960000,1,-6.74939,-103.208,0.996421,0.4755
4980000,0,-2.95671,-104.738,0.80285,0.40375
5000000,0,-2.40258,-103.437,0.178606,0.413167
5020000,0,-2.3983,-106.526,0.124201,0.440125
5040000,1,-6.07646,-103.07,0.552269,0.46025
5060000,0,-2.80993,-104.253,0.410704,0.452375
5080000,0,-2.6868,-104.582,0.390071,0.46025
5100000,1,-9.08288,-104.606,3.61611,0.487
5120000,1,-6.5528,-106.035,0.301026,0.41725
5140000,0,-3.18225,-103.776,0.737786,0.44475
5160000,0,-4.07459,-104.906,0.509197,0.40475
5180000,0,-2.89373,-103.269,0.686516,0.491667
5200000,0,-2.94799,-108.489,0.433279,0.4675
5220000,1,-8.04514,-96.5194,1.47458,0.518
5240000,0,-2.74864,-104.482,0.615349,0.48025
5260000,0,-2.38009,-105.267,0.0492378,0.4045
5280000,0,-4.32785,-103.817,2.18235,0.533333
5300000,0,-3.01967,-104.331,0.704488,0.388
5320000,0,-2.58761,-104.622,0.122959,0.415
5340000,1,-5.96024,-105.123,0.303096,0.4245
5360000,1,-9.67616,-96.8108,2.18677,0.5765
5380000,0,-2.29394,-103.283,0.0964401,0.428167
5400000,0,-3.07904,-103.77,0.759031,0.453636
5420000,0,-2.67789,-103.664,0.382491,0.3865
5440000,0,-2.82015,-107.709,0.207963,0.43375
5460000,1,-5.50827,-103.559,0.707296,0.446437
5480000,0,-2.85763,-105.547,0.655454,0.46175
5500000,0,-2.45521,-103.38,0.178658,0.439125
5520000,0,-2.87214,-107.739,0.418461,0.43
5540000,0,-3.30725,-105.227,0.977304,0.4322
5560000,0,-3.82604,-103.466,1.6262,0.394
5580000,0,-3.39593,-104.874,1.19623,0.482667
5600000,0,-3.09726,-105.738,0.769427,0.4955
5620000,1,-5.79205,-98.493,0.837945,0.43275
5640000,0,-2.27755,-103.753,0.0169756,0.4236
5660000,0,-2.54995,-104.209,0.0121412,0.419
5680000,1,-6.40901,-103.962,0.496161,0.408
5700000,0,-2.63936,-103.592,0.388034,0.3915
5720000,0,-2.57684,-104.034,0.332332,0.496
5740000,0,-2.41395,-104.706,0.149471,0.4175
5760000,1,-6.08164,-103.557,0.79785,0.431
5780000,1,-6.17949,-104.217,0.980314,0.47025
5800000,0,-2.19802,-105.746,0.00817763,0.4185
5820000,0,-3.6488,-103.667,0.355848,0.4575
5840000,0,-2.33491,-105.479,0.00689657,0.386
5860000,0,-4.02296,-104.675,1.82053,0.4845
5880000,0,-2.54231,-104.888,0.364144,0.498
5900000,0,-2.44103,-103.936,0.212751,0.431917
5920000,1,-7.09664,-100.254,1.67158,0.445944
5940000,0,-4.55566,-103.416,2.34456,0.459625
5960000,1,-6.68831,-103.805,1.21045,0.468375
5980000,0,-3.60807,-103.734,1.26325,0.42775
6000000,0,-4.41988,-104.465,0.589819,0.442
6020000,0,-2.67178,-104.993,0.139217,0.41925
6040000,0,-3.39819,-104.66,0.945994,0.4905
6060000,1,-7.91452,-104.684,2.00579,0.442875
6080000,0,-2.73878,-104.222,0.351203,0.42625
6100000,0,-2.64095,-104.077,0.445293,0.40675
6120000,0,-2.36573,-103.366,0.249115,0.4414
6140000,0,-2.2524,-104.155,0.055729,0.482278
6160000,0,-2.31275,-103.643,0.191547,0.456
6180000,0,-2.18633,-103.458,0.0531087,0.431583
6200000,1,-5.37975,-105.888,0.230008,0.457
6220000,0,-2.41541,-103.085,0.272938,0.443
6240000,0,-2.8714,-104.925,0.433193,0.457
6260000,0,-2.62985,-104.029,0.056709,0.46325
6280000,0,-3.09982,-103.709,0.673476,0.448409
6300000,0,-2.25231,-104.203,0.100761,0.443437
6320000,0,-2.49005,-103.896,0.175753,0.463
6340000,0,-2.33177,-103.384,0.130396,0.379
6360000,0,-2.61349,-104.581,0.480565,0.461313
6380000,1,-4.9547,-103.702,0.741819,0.480333
6400000,0,-4.17498,-106.167,1.19376,0.4
6420000,0,-2.19238,-103.665,0.0524616,0.4515
6440000,0,-4.25845,-104.872,0.806954,0.4659
6460000,0,-2.33639,-103.739,0.1873,0.437833
6480000,2,-8.58551,-103.97,0.593232,0.598
6500000,0,-2.14398,-104.146,0.00844811,0.4285
6520000,0,-2.75976,-105.066,0.182366,0.464
6540000,1,-5.34254,-106.039,0.263648,0.4205
6560000,0,-2.89019,-106.485,0.397189,0.4385
6580000,0,-2.65738,-105.631,0.454368,0.419833
6600000,1,-7.91182,-103.218,1.29094,0.4883
6620000,1,-5.32761,-102.532,0.919753,0.464333
6640000,0,-2.86713,-103.694,0.656736,0.392
6660000,0,-3.69312,-107.201,0.359028,0.5015
6680000,0,-4.79488,-103.457,2.41343,0.451
6700000,0,-4.26118,-105.159,1.62995,0.4175
6720000,0,-2.46348,-103.597,0.287483,0.4105
6740000,1,-9.85062,-100.356,4.20831,0.498104
6760000,0,-3.9311,-104.973,1.35765,0.4455
6780000,0,-3.09338,-106.522,0.23978,0.444125
6800000,0,-2.30283,-103.63,0.043621,0.528
6820000,0,-2.46028,-106.477,0.357861,0.418
6840000,0,-4.88897,-104.434,0.489074,0.466
6860000,0,-3.28816,-104.641,1.04883,0.463
6880000,0,-2.70525,-103.716,0.414502,0.49025
6900000,0,-2.74301,-108.285,0.0674572,0.415833
6920000,1,-8.45221,-105.484,0.718444,0.423
6940000,0,-2.60382,-104.521,0.351253,0.4825
6960000,0,-2.47769,-105.678,0.17308,0.4186
6980000,0,-2.78172,-104.907,0.523905,0.423
7000000,0,-2.8326,-106.813,0.587892,0.491
7020000,0,-2.34223,-103.95,0.15098,0.441375
7040000,0,-3.10752,-104.546,0.763887,0.46925
7060000,0,-2.85239,-104.546,0.68908,0.467125
7080000,0,-2.25894,-103.831,0.100459,0.45575
7100000,0,-2.91091,-104.532,0.662879,0.46025
7120000,0,-3.12921,-104.32,0.904236,0.5095
7140000,0,-3.02821,-105.215,0.852521,0.428
7160000,0,-3.27185,-104.504,0.205998,0.4985
7180000,2,-10.7773,-99.2326,2.03366,0.5136
7200000,1,-5.6314,-104.283,0.946374,0.4412
7220000,1,-6.28465,-103.435,0.653908,0.4385
7240000,0,-2.28817,-104.208,0.112698,0.452778
7260000,0,-2.98595,-104.313,0.706195,0.474429
7280000,1,-7.29832,-107.313,0.659817,0.446
7300000,0,-3.82955,-104.917,1.57731,0.4494
7320000,0,-2.82606,-103.768,0.0442147,0.5545
7340000,0,-2.59594,-108.285,0.0246076,0.5765
7360000,0,-2.37311,-104.665,0.178512,0.440563
7380000,1,-7.23031,-97.2565,0.380498,0.53525
7400000,0,-2.49675,-103.59,0.227971,0.433667
7420000,0,-3.36908,-103.82,0.170978,0.441182
7440000,0,-2.36502,-105.201,0.145698,0.513
7460000,0,-2.21698,-103.425,0.114346,0.4685
7480000,0,-3.07251,-103.424,0.937971,0.44525
7500000,0,-3.87742,-104.37,0.907742,0.3855
7520000,1,-5.60156,-103.919,0.355321,0.422667
7540000,0,-3.24002,-104.501,0.520871,0.439318
7560000,0,-2.83394,-105.27,0.0381932,0.4605
7580000,0,-3.38983,-105.616,1.0866,0.436875
7600000,0,-4.02433,-105.859,1.16655,0.44725
7620000,1,-7.99865,-103.392,1.48271,0.451
7640000,0,-2.209,-104.013,0.0208514,0.4795
7660000,2,-8.49483,-104.542,1.14382,0.453083
7680000,2,-13.8369,-104.91,0.787332,0.4545
7700000,0,-3.05835,-104.193,0.69848,0.449667
7720000,0,-3.0048,-105.618,0.282475,0.407
7740000,0,-2.86596,-104.932,0.734659,0.475167
7760000,2,-12.8349,-100.71,3.27726,0.553
7780000,1,-7.38251,-99.9728,1.80725,0.4801
7800000,0,-3.87423,-105.447,0.845621,0.452833
7820000,0,-3.42668,-110.268,0.177916,0.4586
7840000,0,-2.4777,-103.981,0.00934692,0.452778
7860000,1,-6.80426,-102.629,0.671026,0.59575
7880000,0,-2.23979,-106.544,0.0321974,0.548
7900000,1,-10.123,-106.075,2.78358,0.458
7920000,0,-2.28588,-104.378,0.173147,0.41825
7940000,0,-3.00534,-106.155,0.787135,0.5115
7960000,0,-3.05476,-105.56,0.622136,0.3995
7980000,1,-6.56034,-99.5182,0.599465,0.49325
8000000,0,-3.38659,-103.852,1.15032,0.491625
8020000,1,-7.88286,-105.265,0.882022,0.459
8040000,1,-9.49295,-105.693,0.784863,0.425
8060000,1,-7.76881,-107.596,1.04986,0.468
8080000,1,-5.83588,-98.3229,0.534255,0.6095
8100000,0,-2.33013,-106.344,0.120277,0.449
8120000,0,-2.28647,-103.402,0.0558517,0.461
8140000,0,-3.13389,-105.872,0.347074,0.44175
8160000,0,-2.63005,-104.82,0.472762,0.4335
8180000,0,-2.44864,-103.877,0.0901969,0.45975
8200000,0,-2.56773,-104.646,0.374142,0.42975
8220000,2,-10.1144,-102.407,0.684573,0.588
8240000,0,-3.74879,-104.713,1.32395,0.45598
8260000,1,-7.10248,-105.295,1.37571,0.4805
8280000,0,-2.49491,-105.106,0.142638,0.372
8300000,0,-2.52226,-104.239,0.04659,0.453667
8320000,0,-3.4114,-103.535,1.15205,0.4815
8340000,1,-9.3671,-99.5079,1.93786,0.584
8360000,0,-3.59229,-103.659,1.28799,0.459
8380000,0,-2.83856,-103.425,0.575495,0.491
8400000,0,-2.61982,-104.055,0.486541,0.376
8420000,1,-9.32055,-104.526,0.312714,0.455
8440000,1,-10.7006,-100.66,1.03672,0.462071
8460000,1,-5.54996,-104.193,0.494687,0.49975
8480000,0,-3.39197,-104.124,1.24065,0.426833
8500000,1,-6.88346,-104.888,0.711051,0.472842
8520000,0,-3.2308,-104.111,1.15443,0.435
8540000,0,-3.51986,-106.278,0.289968,0.4745
8560000,0,-2.82528,-104.758,0.619275,0.452667
8580000,0,-3.19091,-104.716,0.847022,0.43475
8600000,0,-2.40563,-104.549,0.309708,0.4725
8620000,0,-2.45018,-103.713,0.264581,0.392
8640000,0,-2.82107,-103.841,0.469149,0.4245
8660000,0,-3.10805,-106.687,0.366491,0.471
8680000,0,-2.95097,-103.32,0.804365,0.46
8700000,1,-7.27924,-104.172,1.86095,0.48
8720000,0,-4.24199,-106.351,1.88968,0.39875
8740000,1,-8.71129,-98.1205,2.96889,0.49075
8760000,1,-4.72387,-106.506,0.118207,0.4825
8780000,2,-11.3191,-104.139,1.85586,0.421
8800000,1,-9.2059,-107.343,3.65125,0.44525
8820000,0,-3.96316,-104.287,1.79558,0.482
8840000,0,-2.35933,-105.088,0.170912,0.471
8860000,0,-3.4384,-104.6,1.01007,0.4415
8880000,0,-2.71993,-103.215,0.505188,0.4775
8900000,0,-2.73387,-104.276,0.572584,0.444167
8920000,0,-2.85187,-104.21,0.671274,0.464875
8940000,0,-2.45216,-103.339,0.333979,0.512667
8960000,0,-3.09658,-103.916,0.951895,0.433375
8980000,0,-2.70383,-105.457,0.0991955,0.41575
9000000,1,-6.72522,-105.332,0.823345,0.467
9020000,1,-7.57068,-103.881,1.67022,0.4715
9040000,0,-2.59177,-105.571,0.381183,0.4282
9060000,1,-5.84447,-107.438,0.550645,0.50275
9080000,1,-6.76155,-104.804,1.61401,0.44325
9100000,0,-2.69762,-107.475,0.100514,0.548
9120000,2,-12.3802,-102.67,1.32404,0.597667
9140000,0,-3.06852,-103.404,0.775834,0.4
9160000,0,-2.85118,-105.378,0.179919,0.44725
9180000,0,-4.16684,-106.475,0.164617,0.444
9200000,1,-8.60609,-104.05,1.34921,0.43475
9220000,0,-2.70929,-103.566,0.549142,0.458955
9240000,2,-8.12168,-107.782,0.822654,0.514
9260000,1,-7.0788,-107.704,0.475012,0.455833
9280000,0,-2.36459,-103.31,0.225555,0.42
9300000,0,-2.56894,-103.617,0.243469,0.45
9320000,1,-7.55078,-105.106,0.399736,0.536312
9340000,1,-6.39279,-104.912,0.890895,0.422
9360000,1,-7.08334,-98.0954,2.18623,0.486
9380000,0,-3.08724,-105.496,0.440548,0.446
9400000,0,-3.5602,-107.192,1.20357,0.5096
9420000,0,-3.65369,-103.651,1.26642,0.43875
9440000,1,-8.03613,-101.837,1.25759,0.5745
9460000,0,-3.16333,-103.444,1.03786,0.4785
9480000,0,-2.51037,-104.955,0.149393,0.472667
9500000,0,-2.64655,-106.259,0.13741,0.473
9520000,0,-2.99333,-103.964,0.647963,0.4215
9540000,0,-5.10956,-105.684,2.48973,0.4665
9560000,0,-3.05403,-103.761,0.575914,0.452833
9580000,0,-2.85543,-104.929,0.130803,0.434125
9600000,0,-4.29874,-104.685,2.08684,0.4107
9620000,0,-2.4982,-103.47,0.20223,0.43175
9640000,1,-6.8771,-99.4188,0.87213,0.5845
9660000,1,-5.06874,-104.703,0.193251,0.479429
9680000,0,-4.87814,-105.531,0.745073,0.463625
9700000,0,-2.66223,-105.474,0.233936,0.4407
9720000,1,-7.13284,-97.4679,1.21787,0.596
9740000,0,-3.12433,-106.168,0.116088,0.5315
9760000,0,-3.1526,-103.748,1.02934,0.446
9780000,0,-2.76006,-104.513,0.353017,0.446833
9800000,0,-2.84089,-105.88,0.473458,0.450214
9820000,1,-6.39955,-106.452,0.783917,0.47675
9840000,0,-3.05419,-104.375,0.941248,0.452
9860000,0,-3.37532,-105.119,0.647921,0.43225
9880000,0,-2.74743,-104.017,0.555283,0.432417
9900000,0,-3.47841,-103.914,1.1966,0.4551
9920000,1,-7.00514,-104.791,1.6403,0.4535
9940000,1,-6.14745,-100.825,0.292177,0.5239
9960000,1,-5.58516,-104.994,0.132511,0.4585
9980000,0,-4.41124,-105.504,2.21831,0.4272
10000000,1,-11.4333,-107.41,1.08301,0.451167
10020000,0,-3.61994,-104.959,1.02206,0.427
10040000,0,-7.4503,-105.795,0.246283,0.4395
10060000,0,-2.77065,-105.816,0.535832,0.4507
10080000,0,-2.37819,-104.1,0.256362,0.46175
10100000,2,-13.2158,-102.377,1.19282,0.537875
10120000,0,-3.53866,-104.349,0.69619,0.42
10140000,0,-2.39706,-104.133,0.289758,0.493333
10160000,2,-12.0236,-101.4,0.728311,0.464214
10180000,0,-2.35233,-104.803,0.0810729,0.43475
10200000,0,-3.57631,-107.73,0.734408,0.49125
10220000,0,-3.68171,-106.973,0.538303,0.41
10240000,0,-2.732,-106.062,0.13775,0.4483
10260000,1,-7.00943,-96.6708,1.4095,0.566
10280000,1,-5.71618,-99.17,1.08785,0.5645
10300000,0,-2.90306,-106.774,0.031061,0.504192
10320000,0,-2.90982,-103.645,0.148157,0.451214
10340000,4,-21.6097,-97.9071,3.4424,0.48845
10360000,0,-2.21908,-103.531,0.0467761,0.3725
10380000,0,-3.14455,-103.561,0.265319,0.487625
10400000,0,-2.37609,-103.898,0.231232,0.473556
10420000,2,-9.96293,-105.199,1.09386,0.445
10440000,1,-5.90034,-103.311,0.335961,0.45775
10460000,0,-2.8682,-105.832,0.507741,0.4955
10480000,0,-3.64856,-103.354,1.47224,0.43175
10500000,1,-5.61316,-104.918,0.122848,0.475794
10520000,0,-2.49326,-104.72,0.273729,0.4545
10540000,0,-3.57702,-105.049,0.47107,0.459857
10560000,0,-2.81114,-107.284,0.551597,0.42675
10580000,0,-3.66927,-105.983,0.681737,0.441083
10600000,0,-3.75705,-104.746,1.48218,0.442875
10620000,0,-3.30423,-103.402,0.137315,0.4985
10640000,0,-3.85544,-103.837,1.58628,0.444125
10660000,0,-2.6162,-104.421,0.343647,0.444667
10680000,1,-8.41919,-104.387,2.04705,0.477
10700000,0,-5.71988,-104.944,3.11346,0.426
10720000,0,-2.54875,-107.384,0.0133011,0.418
10740000,0,-2.40746,-103.27,0.273291,0.44725
10760000,0,-3.99768,-103.135,1.88999,0.4485
10780000,0,-2.41876,-107.51,0.0102242,0.3995
10800000,0,-5.5268,-106.342,0.602056,0.458083
10820000,0,-3.21596,-103.59,0.244652,0.399
10840000,0,-2.65707,-105.5,0.498698,0.467833
10860000,0,-2.58172,-105.51,0.142187,0.4625
10880000,3,-16.1863,-108.232,3.07586,0.43175
10900000,0,-2.29245,-103.497,0.0853074,0.4285
10920000,0,-2.81607,-104.457,0.63299,0.447237
10940000,1,-7.68419,-102.649,1.39142,0.4304
10960000,0,-3.08038,-104.804,0.452047,0.556
10980000,1,-7.26065,-101.2,1.51146,0.4975
11000000,0,-3.09863,-103.565,0.501576,0.4395
11020000,0,-2.24902,-103.872,0.024659,0.4532
11040000,0,-2.30362,-103.609,0.151195,0.456125
11060000,0,-2.73505,-104.055,0.327417,0.459643
11080000,0,-3.24565,-103.833,1.12619,0.456667
11100000,0,-2.63825,-106.38,0.505032,0.411
11120000,0,-2.95033,-104.008,0.77302,0.44975
11140000,0,-2.93937,-105.167,0.766948,0.4445
11160000,1,-5.5836,-106.267,1.29936,0.469
11180000,0,-2.8588,-103.62,0.163817,0.508875
11200000,0,-3.37998,-105.13,1.21194,0.4445
11220000,0,-3.4498,-105.964,0.724603,0.467
11240000,0,-2.17668,-104.523,0.0761186,0.43275
11260000,1,-5.58666,-104.941,0.947783,0.6355
11280000,1,-7.75106,-105.26,1.02413,0.4505
11300000,0,-4.54172,-104.72,2.36989,0.4635
11320000,0,-3.45148,-103.385,1.15236,0.42425
11340000,0,-3.51882,-104.328,1.18829,0.48125
11360000,0,-3.10132,-104.333,0.946269,0.4495
11380000,0,-3.02024,-104.08,0.727155,0.4305
11400000,1,-7.07599,-103.514,1.67498,0.406
11420000,0,-2.11809,-103.386,0.0103817,0.387
11440000,0,-2.21702,-104.738,0.00262888,0.432409
11460000,0,-3.67319,-107.144,1.05337,0.4867
11480000,0,-2.54976,-105.082,0.0343177,0.4045
11500000,0,-2.55975,-103.704,0.288744,0.46125
11520000,0,-4.06163,-104.534,1.50984,0.4335
11540000,1,-5.83393,-95.9518,0.269344,0.574125
11560000,1,-5.71495,-104.558,0.805015,0.44675
11580000,0,-2.38813,-104.069,0.171472,0.445167
11600000,0,-3.474,-107.336,1.06336,0.4644
11620000,2,-15.9879,-106.198,1.60666,0.5244
11640000,0,-2.52554,-105.347,0.330465,0.437
11660000,0,-2.42571,-103.758,0.222398,0.469
11680000,0,-2.68577,-103.904,0.511073,0.48825
11700000,2,-11.1162,-100.483,1.80268,0.505667
11720000,0,-2.33523,-104.415,0.18104,0.5232
11740000,0,-2.62832,-104.227,0.388206,0.437333
11760000,0,-2.94252,-105.852,0.724535,0.406917
11780000,0,-2.49046,-107.853,0.18946,0.4225
11800000,0,-6.59952,-104.245,2.33086,0.4125
11820000,0,-3.11965,-105.445,0.336667,0.4795
11840000,0,-2.98545,-104.3,0.827717,0.4215
11860000,1,-9.53234,-109.033,0.399477,0.438
11880000,2,-13.0973,-104.093,3.70925,0.489
11900000,0,-2.54648,-105.439,0.224974,0.5365
11920000,0,-2.23037,-103.396,0.0357634,0.40175
11940000,2,-10.3627,-98.4751,1.42204,0.582
11960000,0,-3.9331,-104.776,1.09371,0.4005
11980000,0,-2.41037,-103.182,0.178568,0.424
12000000,0,-2.45201,-105.768,0.193348,0.4065
12020000,2,-12.8035,-101.609,1.42895,0.480667
12040000,0,-2.19836,-103.688,0.0200029,0.40875
12060000,1,-4.99556,-103.248,0.328145,0.452167
12080000,1,-10.6565,-105.064,0.11407,0.444167
12100000,0,-2.49219,-103.483,0.14038,0.455972
12120000,0,-2.26513,-106.554,0.0418776,0.443667
12140000,0,-2.71017,-103.64,0.322415,0.464333
12160000,1,-9.36804,-109.673,1.29483,0.452875
12180000,4,-21.3302,-99.4958,1.11538,0.5965
12200000,0,-2.49995,-105.224,0.104712,0.470917
12220000,0,-2.34029,-103.829,0.113872,0.43525
12240000,0,-2.77248,-106.477,0.269418,0.444
12260000,1,-5.77453,-104.463,0.0664137,0.399167
12280000,0,-2.46324,-103.682,0.123763,0.4768
12300000,2,-11.7033,-101.073,1.69679,0.5285
12320000,0,-2.46985,-105.954,0.278835,0.4525
12340000,0,-2.59224,-104.543,0.0160254,0.4165
12360000,1,-9.55787,-106.167,0.130344,0.4495
12380000,0,-3.81799,-106.9,1.33054,0.4015
12400000,0,-2.54248,-104.463,0.232053,0.446393
12420000,0,-2.61093,-105.642,0.179586,0.5
12440000,0,-2.65981,-104.214,0.158466,0.43325
12460000,0,-2.27098,-104.161,0.0571149,0.455611
12480000,2,-10.036,-99.2449,1.83491,0.485167
12500000,0,-2.80123,-108.18,0.495894,0.48225
12520000,0,-2.55139,-105.673,0.0262421,0.47625
12540000,0,-2.34238,-103.591,0.199494,0.449667
12560000,0,-2.25329,-103.086,0.125904,0.471
12580000,0,-3.18281,-106.214,0.950794,0.49715
12600000,0,-3.55061,-104.557,0.618526,0.46535
12620000,0,-2.53857,-104.598,0.316693,0.468
12640000,0,-3.17548,-104.231,0.187151,0.4912
12660000,0,-2.28459,-103.418,0.0998929,0.526643
12680000,0,-2.69125,-105.9,0.492615,0.507813
12700000,0,-2.53099,-105.447,0.208525,0.4525
12720000,2,-9.92456,-103.71,1.45281,0.4441
12740000,1,-6.08446,-105.169,0.642966,0.5
12760000,0,-4.0614,-105.223,1.3213,0.44025
12780000,0,-3.21226,-107.594,0.000934895,0.4285
12800000,0,-2.22795,-104.086,0.0833134,0.467938
12820000,0,-2.80407,-105.047,0.121105,0.427333
12840000,0,-3.12579,-103.73,0.738468,0.4215
12860000,0,-2.70834,-108.186,0.0157791,0.42825
12880000,0,-3.46848,-104.384,1.04832,0.3945
12900000,0,-2.82375,-103.79,0.675591,0.4435
12920000,0,-2.27583,-105.943,0.0993118,0.496375
12940000,2,-12.6174,-104.72,3.251,0.56325
12960000,0,-2.91021,-103.997,0.674406,0.47705
12980000,0,-3.08346,-104.818,0.719681,0.428188
13000000,0,-3.34229,-103.63,0.979868,0.402
13020000,0,-2.6908,-103.545,0.539612,0.438667
13040000,0,-4.20082,-103.841,1.87457,0.446929
13060000,0,-2.85839,-104.847,0.559124,0.4065
13080000,2,-14.1102,-94.8202,2.08084,0.49225
13100000,0,-3.10144,-103.842,0.360823,0.426
13120000,0,-3.38774,-103.85,0.441853,0.44125
13140000,0,-3.39853,-107.104,0.49999,0.4922
13160000,0,-4.34868,-110.265,0.858582,0.447
13180000,1,-6.30535,-101.541,1.09286,0.4655
13200000,0,-2.17419,-103.708,0.0420302,0.4506
13220000,0,-3.11331,-104.06,0.355652,0.472
13240000,0,-2.86987,-104.832,0.561485,0.4588
13260000,0,-3.20321,-104.771,0.196155,0.42
13280000,0,-3.30653,-104.642,0.69231,0.419
13300000,2,-11.0099,-93.5128,0.934634,0.56475
13320000,1,-8.72749,-103.79,0.673308,0.413
13340000,1,-5.54635,-103.107,1.19694,0.4375
13360000,1,-5.32588,-107.154,0.470614,0.423375
13380000,0,-2.4977,-107.12,0.135148,0.50175
13400000,0,-2.58368,-105.198,0.407471,0.475
13420000,0,-4.02026,-106.584,0.715766,0.391
13440000,1,-7.66261,-106.701,1.77843,0.414929
13460000,0,-2.92799,-105.109,0.49409,0.4205
13480000,0,-2.48442,-104.078,0.323719,0.453441
13500000,0,-3.13137,-106.102,0.113207,0.4145
13520000,0,-3.18692,-107.122,0.491373,0.459833
13540000,0,-5.34106,-105.837,2.99744,0.43675
13560000,0,-3.93764,-108.144,1.57112,0.4455
13580000,0,-3.55074,-103.836,0.655346,0.48025
13600000,0,-2.16695,-103.97,0.0211931,0.421357
13620000,0,-3.00295,-104.147,0.128373,0.460667
13640000,1,-5.95876,-103.783,1.38434,0.4595
13660000,1,-7.08913,-104.335,1.83954,0.4383
13680000,0,-3.58084,-107.894,0.62151,0.48115
13700000,0,-3.66397,-107.624,0.545677,0.438
13720000,0,-3.80187,-103.767,1.42714,0.439625
13740000,0,-2.83257,-104.397,0.278541,0.42525
13760000,0,-3.11967,-103.655,0.879367,0.4295
13780000,0,-2.80916,-107.023,0.0307394,0.463625
13800000,0,-2.91347,-105.864,0.164055,0.51375
13820000,0,-3.41004,-104.255,0.827662,0.475929
13840000,0,-2.86663,-104.415,0.701111,0.473536
13860000,0,-2.54948,-106.987,0.239673,0.4
13880000,1,-8.44591,-105.799,1.72861,0.487083
13900000,0,-2.62104,-104.517,0.0119323,0.415
13920000,1,-7.419,-107.078,0.738638,0.4455
13940000,1,-5.51132,-103.92,0.98235,0.5195
13960000,1,-7.40841,-106.106,0.537246,0.442333
13980000,0,-2.67737,-105.247,0.194015,0.44275
14000000,0,-2.89121,-103.778,0.095385,0.4625
14020000,0,-2.65652,-104.974,0.0715786,0.476071
14040000,2,-11.8053,-98.1289,1.74533,0.5315
14060000,0,-2.76621,-106.446,0.404852,0.5285
14080000,0,-4.08837,-107.831,0.94601,0.4596
14100000,0,-2.50148,-103.414,0.321887,0.438944
14120000,0,-2.94427,-104.737,0.103444,0.4425
14140000,0,-2.35632,-106.471,0.124117,0.40825
14160000,2,-11.2003,-95.7149,1.77375,0.5947
14180000,2,-8.8146,-97.1205,1.21834,0.4967
14200000,0,-2.38049,-104.938,0.114989,0.4677
14220000,0,-2.48985,-104.692,0.123943,0.44725
14240000,0,-3.92448,-104.239,1.64249,0.469
14260000,1,-7.72674,-103.157,0.459384,0.479
14280000,0,-3.44221,-104.859,1.10399,0.458833
14300000,0,-2.70976,-106.681,0.284294,0.4415
14320000,0,-2.19757,-104.326,0.019521,0.4815
14340000,0,-2.94899,-105.991,0.0681377,0.4245
14360000,3,-15.223,-104.793,1.66488,0.4655
14380000,0,-2.37647,-103.394,0.204868,0.4359
14400000,0,-3.37358,-105.948,0.673549,0.4225
14420000,0,-2.44459,-104.142,0.336846,0.4045
14440000,0,-3.02435,-105,0.108222,0.418
14460000,0,-2.96897,-107.172,0.539056,0.4355
14480000,0,-2.46157,-104.054,0.354959,0.4525
14500000,0,-2.29262,-104.749,0.09637,0.43975
14520000,0,-2.25924,-103.815,0.0948033,0.4599
14540000,0,-4.72873,-105.721,0.544324,0.5615
14560000,0,-3.00528,-103.978,0.859986,0.459882
14580000,0,-3.26597,-106.281,0.586441,0.425625
14600000,0,-2.18115,-103.937,0.00431171,0.443333
14620000,0,-3.23616,-107.338,0.222885,0.467062
14640000,1,-5.55005,-101.82,0.820068,0.464079
14660000,0,-2.49464,-105.135,0.0539043,0.400875
14680000,0,-3.22595,-103.705,0.768556,0.4215
14700000,1,-5.67419,-100.304,0.904011,0.4785
14720000,0,-2.25147,-103.292,0.0656846,0.524
14740000,0,-2.90464,-105.546,0.258509,0.504125
14760000,0,-2.50494,-103.579,0.282299,0.489154
14780000,0,-4.56694,-103.539,2.07304,0.4397
14800000,1,-8.93705,-105.425,0.609785,0.44595
14820000,0,-2.92872,-104.313,0.604826,0.437143
14840000,0,-3.11209,-108.911,0.0043885,0.442
14860000,0,-2.47653,-105.294,0.133269,0.430833
14880000,0,-2.29875,-104.436,0.0201791,0.377
14900000,0,-2.32312,-104.111,0.147789,0.42825
14920000,0,-3.34897,-106.958,0.567775,0.426
14940000,1,-7.62898,-103.982,1.1255,0.5085
14960000,0,-2.62124,-103.763,0.422207,0.510833
14980000,0,-2.40887,-106.171,0.277428,0.4545
15000000,0,-4.08628,-104.124,1.59701,0.469
15020000,0,-3.10132,-105.258,0.583418,0.4675
15040000,0,-2.90163,-104.504,0.775203,0.4239
15060000,1,-4.7259,-104.04,0.391311,0.4785
15080000,0,-2.64267,-104.694,0.296664,0.470417
15100000,1,-8.33923,-106.665,0.399652,0.41775
15120000,0,-2.35104,-104.803,0.185286,0.4645
15140000,0,-2.59272,-104.33,0.425947,0.481812
15160000,0,-3.42812,-103.536,1.30125,0.399
15180000,0,-3.41743,-104.577,1.15138,0.465125
15200000,0,-2.26405,-104.306,0.0322864,0.443833
15220000,0,-3.33624,-105.141,1.12217,0.448875
15240000,0,-2.48213,-105.982,0.339993,0.453313
15260000,0,-2.18578,-103.562,0.0542074,0.445
15280000,0,-3.45861,-106.233,1.10643,0.4505
15300000,3,-17.0525,-100.694,2.50283,0.554
15320000,0,-4.15081,-103.474,1.01401,0.429
15340000,1,-7.6602,-109.996,0.141387,0.4805
15360000,1,-6.12998,-100.485,0.234425,0.5695
15380000,0,-2.91681,-105.191,0.291888,0.422
15400000,0,-2.60234,-104.543,0.29556,0.43175
15420000,1,-7.38349,-101.071,0.645951,0.480889
15440000,1,-5.97334,-100.362,0.572469,0.551417
15460000,0,-2.20424,-104.952,0.0103622,0.4175
15480000,0,-2.50382,-105.356,0.159304,0.455786
15500000,0,-4.24499,-103.342,1.93862,0.45575
15520000,1,-6.68683,-103.461,1.17806,0.4675
15540000,1,-5.83207,-104.479,0.212667,0.485812
15560000,0,-2.15247,-105.422,0.0456846,0.434
15580000,0,-4.93147,-105.375,2.31368,0.443
15600000,0,-2.3297,-104.986,0.145286,0.418
15620000,0,-2.80932,-103.626,0.489566,0.4155
15640000,0,-3.30573,-105.619,0.690161,0.451079
15660000,0,-2.92485,-103.396,0.762706,0.387
15680000,0,-3.18254,-104.228,0.793848,0.4455
15700000,0,-2.5604,-104.692,0.233255,0.492937
15720000,1,-10.6623,-104.855,0.68462,0.46375
15740000,0,-3.09925,-104.294,0.838498,0.448125
15760000,0,-2.2655,-104.792,0.0916572,0.41225
15780000,0,-2.85465,-103.717,0.515601,0.405
15800000,0,-2.44728,-106.467,0.122412,0.45275
15820000,0,-2.75876,-105.372,0.51528,0.45
15840000,0,-2.62451,-105.775,0.41161,0.416
15860000,0,-2.94729,-103.429,0.142359,0.4647
15880000,0,-3.9118,-104.891,0.194039,0.5095
15900000,0,-3.85504,-106.015,1.07079,0.4405
15920000,0,-2.43411,-103.395,0.00490493,0.45075
15940000,0,-2.86086,-103.749,0.764018,0.44325
15960000,0,-3.44519,-103.437,0.994414,0.44325
15980000,0,-3.58739,-106.329,0.651123,0.4835
16000000,0,-2.61321,-105.315,0.154027,0.457333
16020000,0,-2.63634,-105.381,0.412251,0.389
16040000,0,-3.39143,-106.921,0.0114956,0.46125
16060000,0,-2.66629,-103.508,0.355146,0.4345
16080000,0,-2.52297,-103.378,0.378676,0.512875
16100000,0,-3.46532,-103.479,1.24669,0.454667
16120000,0,-2.54717,-104.579,0.178261,0.4397
16140000,0,-2.84266,-104.95,0.668206,0.45775
16160000,0,-3.47994,-104.84,1.11653,0.477
16180000,0,-2.89455,-105.386,0.314276,0.4805
16200000,0,-2.49267,-107.058,0.361662,0.434167
16220000,0,-2.56939,-103.728,0.414617,0.408
16240000,0,-2.65809,-104.544,0.262579,0.4523
16260000,0,-2.4565,-104.482,0.0383295,0.4845
16280000,0,-3.02786,-104.734,0.865235,0.5025
16300000,2,-10.9399,-108.296,1.4392,0.44475
16320000,0,-2.48285,-104.283,0.221466,0.4467
16340000,1,-7.16917,-104.412,2.18484,0.44875
16360000,0,-3.11999,-106.534,0.71063,0.439333
16380000,0,-4.77121,-103.931,2.56067,0.44375
16400000,0,-2.87611,-106.894,0.332911,0.469
16420000,0,-2.7434,-104.449,0.202979,0.4525
16440000,0,-3.2807,-104.992,1.05131,0.493625
16460000,0,-2.94232,-106.104,0.455558,0.42
16480000,0,-2.14096,-106.903,0.0107441,0.468833
16500000,0,-4.30949,-105.12,2.09719,0.4475
16520000,1,-9.2271,-101.576,4.68495,0.40675
16540000,0,-2.26897,-104.38,0.112827,0.409
16560000,0,-4.14943,-103.855,1.77647,0.450357
16580000,0,-2.19943,-103.845,0.00987706,0.42875
16600000,2,-10.8577,-104.366,1.39296,0.4455
16620000,0,-2.31082,-105.155,0.207419,0.4105
16640000,1,-5.69718,-105.34,0.525492,0.463
16660000,0,-2.95195,-103.96,0.784469,0.4583
16680000,0,-2.44381,-104.045,0.237117,0.465
16700000,1,-14.5949,-101.286,1.07862,0.434
16720000,1,-7.15974,-102.753,1.01218,0.462667
16740000,0,-2.82772,-105.117,0.63829,0.426
16760000,0,-2.98657,-106.706,0.189906,0.423667
16780000,0,-2.56978,-104.42,0.452219,0.458625
16800000,0,-2.39919,-103.728,0.0543084,0.4865
16820000,2,-10.3091,-103.695,1.18542,0.584
16840000,0,-2.58082,-103.488,0.490714,0.4765
16860000,0,-2.86257,-105.389,0.56284,0.44
16880000,0,-2.33954,-103.214,0.184314,0.4335
16900000,0,-4.02967,-104.398,1.87261,0.476333
16920000,0,-2.32601,-106.292,0.131755,0.50575
16940000,0,-3.253,-103.976,0.761841,0.418
16960000,0,-2.778,-105.797,0.296112,0.434143
16980000,1,-7.0386,-103.244,1.38293,0.6305
17000000,0,-2.92415,-106.348,0.311777,0.4493
17020000,1,-6.87277,-107.252,0.661552,0.456917
17040000,1,-7.57217,-104.87,1.50791,0.445042
17060000,0,-3.11228,-105.401,0.364487,0.534417
17080000,0,-2.4292,-104.249,0.0426827,0.4905
17100000,0,-2.83586,-104.399,0.306055,0.423167
17120000,2,-12.7194,-96.0737,1.71516,0.593
17140000,0,-2.47158,-103.685,0.341599,0.4675
17160000,0,-2.33223,-103.751,0.150744,0.450917
17180000,0,-3.11571,-105.194,0.423621,0.4945
17200000,0,-2.81057,-104.34,0.206833,0.436188
17220000,0,-2.58961,-105.401,0.199773,0.391
17240000,0,-3.05064,-105.279,0.777259,0.436
17260000,0,-3.44564,-104.496,0.896362,0.428333
17280000,0,-2.30186,-103.887,0.146278,0.4393
17300000,0,-3.24523,-104.424,1.04756,0.462
17320000,0,-2.48431,-104.416,0.160096,0.445611
17340000,1,-6.29103,-104.011,0.51893,0.477875
17360000,0,-3.22745,-106.2,0.943318,0.440214
17380000,1,-8.28868,-97.2218,2.26949,0.518
17400000,0,-2.59386,-104.985,0.149336,0.45175
17420000,1,-9.72873,-106.124,0.7864,0.484929
17440000,0,-3.2912,-104.574,0.990105,0.467625
17460000,1,-7.01009,-105.16,1.77299,0.474
17480000,0,-2.75704,-104.048,0.550085,0.436
17500000,1,-6.48719,-105.265,1.39449,0.48825
17520000,1,-9.20119,-103.545,1.50552,0.45
17540000,0,-3.03613,-105.434,0.577226,0.4675
17560000,0,-2.34025,-103.921,0.170334,0.398
17580000,0,-2.2419,-104.709,0.0230613,0.452111
17600000,0,-4.39657,-105.325,0.0103316,0.464
17620000,0,-2.76059,-104.119,0.344955,0.4455
17640000,0,-3.33054,-106.505,1.06108,0.468222
17660000,0,-3.063,-103.486,0.750994,0.450111
17680000,0,-2.44608,-105.572,0.126637,0.4355
17700000,0,-2.30458,-104.869,0.0291416,0.406
17720000,0,-2.51869,-103.468,0.306358,0.4675
17740000,2,-10.8246,-101.158,1.5848,0.596
17760000,0,-3.79568,-105.449,0.200766,0.49725
17780000,0,-2.34685,-104.213,0.0741807,0.5065
17800000,0,-2.16569,-103.706,0.0486993,0.456
17820000,0,-3.00461,-103.855,0.881122,0.452833
17840000,0,-2.46438,-103.632,0.36644,0.4595
17860000,0,-2.25926,-105.836,0.0908794,0.484083
17880000,0,-2.77237,-105.724,0.385714,0.436
17900000,0,-2.65569,-103.828,0.503994,0.4575
17920000,0,-2.80103,-105.613,0.21454,0.44075
17940000,1,-6.66354,-96.1488,0.895816,0.5792
17960000,1,-7.1736,-104.607,0.760077,0.459
17980000,0,-2.62962,-105.246,0.21906,0.483
18000000,0,-2.70875,-103.605,0.0319128,0.4305
18020000,1,-5.48896,-102.345,0.214211,0.553125
18040000,0,-2.29608,-103.373,0.0190878,0.45
18060000,0,-2.26589,-103.956,0.108307,0.416083
18080000,0,-3.16119,-105.027,0.558816,0.4715
18100000,0,-2.75786,-105.996,0.143922,0.401
18120000,0,-2.50351,-104.403,0.322677,0.411
18140000,0,-2.70801,-104.095,0.176549,0.434333
18160000,0,-2.29956,-104.257,0.116837,0.431
18180000,0,-3.39158,-103.597,1.15589,0.5335
18200000,0,-2.3844,-104.392,0.189429,0.47475
18220000,0,-3.15096,-105.906,0.608816,0.4095
18240000,0,-2.76085,-104.599,0.26314,0.444143
18260000,0,-2.22614,-103.472,0.0343181,0.451179
18280000,2,-10.4115,-103.06,0.647449,0.566
18300000,0,-3.10154,-104.409,0.829091,0.4435
18320000,0,-2.96237,-107.825,0.332612,0.46675
18340000,1,-6.20263,-104.403,0.99888,0.432333
18360000,0,-3.62568,-104.436,0.456363,0.484143
18380000,0,-4.94341,-105.515,2.16547,0.4095
18400000,0,-3.52454,-107.365,0.440733,0.5185
18420000,0,-3.54524,-107.704,0.794311,0.463464
18440000,0,-3.52865,-104.233,1.39179,0.434833
18460000,0,-2.75803,-104.23,0.110279,0.4735
18480000,0,-4.2109,-105.474,1.19186,0.428812
18500000,0,-3.22085,-105.3,0.336618,0.448437
18520000,1,-5.28901,-102.273,0.264123,0.475
18540000,1,-9.37388,-105.784,0.54545,0.439583
18560000,0,-2.10484,-107.545,0.00320813,0.4465
18580000,0,-2.38449,-103.853,0.0850651,0.5245
18600000,1,-7.8256,-104.671,1.14943,0.443
18620000,0,-2.26771,-103.918,0.107208,0.471
18640000,1,-8.46856,-97.9467,1.08069,0.460125
18660000,0,-3.03581,-107.501,0.765047,0.49775
18680000,0,-2.98636,-105.037,0.674662,0.454
18700000,0,-3.5177,-103.598,1.28253,0.43235
18720000,0,-2.9288,-105.837,0.250045,0.4575
18740000,1,-7.12782,-98.9372,0.600969,0.5695
18760000,0,-3.66212,-104.972,0.673796,0.388
18780000,1,-5.6487,-103.747,0.629621,0.432167
18800000,0,-2.39493,-105.851,0.124359,0.4475
18820000,0,-2.79112,-105.306,0.349311,0.476375
18840000,0,-9.7259,-104,0.659336,0.457523
18860000,2,-13.2107,-106.765,2.22638,0.457533
18880000,2,-13.014,-99.3247,3.97918,0.5725
18900000,0,-2.47831,-105.231,0.0199919,0.454654
18920000,0,-2.50054,-104.994,0.191544,0.449
18940000,0,-2.2885,-106.104,0.229098,0.4685
18960000,0,-2.39475,-104.2,0.0677204,0.454562
18980000,1,-9.80782,-105.578,0.749899,0.4582
19000000,1,-7.48097,-107.601,0.124633,0.4415
19020000,0,-3.05775,-108.931,0.648176,0.431625
19040000,0,-3.1597,-104.675,0.928534,0.4615
19060000,0,-2.26506,-110.538,0.0140563,0.398
19080000,2,-11.8502,-99.1331,0.863323,0.5425
19100000,0,-2.62832,-105.962,0.351177,0.4477
19120000,1,-10.9307,-103.711,1.48314,0.485
19140000,1,-7.6638,-105.395,0.925943,0.451
19160000,2,-16.0311,-103.819,2.8856,0.437375
19180000,0,-2.47369,-104.775,0.0403187,0.456
19200000,0,-3.75785,-103.84,1.61281,0.4315
19220000,1,-8.59253,-106.389,0.191582,0.462583
19240000,0,-2.33482,-103.639,0.13906,0.4435
19260000,0,-3.20555,-103.864,1.04083,0.435735
19280000,0,-2.63686,-105.714,0.459878,0.419
19300000,2,-11.5851,-105.815,2.24869,0.428875
19320000,0,-2.5393,-103.723,0.185506,0.4215
19340000,0,-2.67065,-104.968,0.139473,0.434625
19360000,2,-8.78999,-101.26,1.32015,0.565
19380000,0,-2.28024,-107.244,0.0463823,0.52175
19400000,0,-3.05998,-107.159,0.0778713,0.430214
19420000,0,-2.70969,-104.875,0.325062,0.4395
19440000,0,-3.24277,-108.653,0.56554,0.475083
19460000,3,-12.39,-108.246,0.511019,0.471308
19480000,0,-2.34984,-104.644,0.0739598,0.5015
19500000,0,-4.30873,-104.515,1.17332,0.451833
19520000,1,-5.24703,-105.504,0.590761,0.477
19540000,0,-3.93617,-104.185,1.64038,0.452944
19560000,2,-12,-101.126,1.35497,0.586
19580000,0,-2.86101,-103.879,0.656962,0.477731
19600000,0,-3.2588,-104.059,1.10487,0.518333
19620000,1,-7.93077,-106.434,0.892424,0.398
19640000,0,-2.93317,-105.848,0.410925,0.46345
19660000,0,-4.24625,-104.154,0.239868,0.439667
19680000,2,-12.5613,-99.9187,0.760964,0.578833
19700000,0,-2.43511,-103.757,0.316276,0.5157
19720000,0,-2.19037,-103.865,0.0489509,0.4102
19740000,0,-3.12985,-103.899,0.511685,0.428
19760000,0,-3.9868,-106.935,1.66851,0.56525
19780000,0,-3.32338,-106.968,0.58297,0.4895
19800000,0,-2.65012,-105.189,0.501466,0.4315
19820000,0,-2.83399,-103.353,0.706301,0.4405
19840000,0,-2.31855,-105.361,0.103167,0.491
19860000,1,-7.13917,-103.039,0.946134,0.473
19880000,2,-15.5293,-104.609,2.66211,0.486143
19900000,1,-8.04439,-104.785,2.64112,0.4505
19920000,0,-2.55338,-104.031,0.0835627,0.4255
19940000,0,-7.31018,-104,1.10966,0.458618
19960000,0,-2.5957,-105.221,0.0788752,0.449
19980000,1,-5.94486,-105.426,0.677378,0.4805
